# prerequisite	course	score	count_prereq	count_course	p_prereq	p_course
HUMBIO3A	HUMBIO4A	0.91672753834916	1369.0	1324.0	0.0866620244350193	0.08381338228777616
HUMBIO3B	HUMBIO4B	0.9068736141906873	1353.0	1299.0	0.0856491738937773	0.08223080331708552
HUMBIO3B	HUMBIO4A	0.9061345158906134	1353.0	1324.0	0.0856491738937773	0.08381338228777616
HUMBIO3A	HUMBIO4B	0.8860482103725347	1369.0	1299.0	0.0866620244350193	0.08223080331708552
CHEM31A	CHEM31B	0.8562543192812716	2894.0	2540.0	0.18319934164714818	0.16079002342216878
HUMBIO2B	HUMBIO3B	0.8342105263157895	1520.0	1353.0	0.09622080141799076	0.0856491738937773
HUMBIO2A	HUMBIO3A	0.8288113695090439	1548.0	1369.0	0.09799328986516427	0.0866620244350193
HUMBIO2B	HUMBIO3A	0.8236842105263158	1520.0	1369.0	0.09622080141799076	0.0866620244350193
HUMBIO2A	HUMBIO3B	0.8171834625322998	1548.0	1353.0	0.09799328986516427	0.0856491738937773
SPANLANG2	SPANLANG3	0.7929155313351499	1101.0	1552.0	0.06969677786921567	0.09824650250047477
HUMBIO2A	HUMBIO4A	0.7803617571059431	1548.0	1324.0	0.09799328986516427	0.08381338228777616
BIO41	BIO42	0.7773775216138329	1388.0	1196.0	0.08786478445274419	0.0757105779578401
HUMBIO2B	HUMBIO4A	0.7769736842105263	1520.0	1324.0	0.09622080141799076	0.08381338228777616
HUMBIO2B	HUMBIO4B	0.7703947368421052	1520.0	1299.0	0.09622080141799076	0.08223080331708552
HUMBIO2A	HUMBIO4B	0.7558139534883721	1548.0	1299.0	0.09799328986516427	0.08223080331708552
MATH19	MATH20	0.7272113436866982	1481.0	1701.0	0.09375197822371337	0.10767867316579097
CHEM31X	CHEM33	0.7234212629896083	1251.0	3118.0	0.0791922516933595	0.1973792492245363
PHYSICS22	PHYSICS23	0.707193515704154	987.0	1204.0	0.062480217762866365	0.0762170032284611
MATH20	MATH21	0.7066431510875956	1701.0	1633.0	0.10767867316579097	0.10337405836551244
PHYSICS22	PHYSICS24	0.6919959473150963	987.0	955.0	0.062480217762866365	0.060454516680382354
MATH41	MATH42	0.6872146118721462	876.0	1115.0	0.05545356713299994	0.07058302209280243
CHEM31B	CHEM33	0.6854330708661417	2540.0	3118.0	0.16079002342216878	0.1973792492245363
PHYSICS21	PHYSICS23	0.6824561403508772	1140.0	1204.0	0.07216560106349307	0.0762170032284611
ME104B	<END>	0.6654578422484134	1103.0	15797.0	0.06982338418687092	1.0
HUMBIO197	<END>	0.6636568848758465	886.0	15797.0	0.05608659872127619	1.0
PHYSICS42	PHYSICS43	0.6222030981067126	1162.0	3030.0	0.07355827055770083	0.19180857124770526
CHEM36	CHEM130	0.6212590299277606	969.0	1268.0	0.06134076090396911	0.08026840539342914
PHYSICS21	PHYSICS24	0.6008771929824561	1140.0	955.0	0.07216560106349307	0.060454516680382354
CHEM31A	CHEM33	0.5836212854181064	2894.0	3118.0	0.18319934164714818	0.1973792492245363
PHYSICS41	PHYSICS43	0.5778038755137992	3406.0	3030.0	0.21561055896689243	0.19180857124770526
CHEM35	CHEM131	0.5540152963671128	2092.0	1442.0	0.13243020826739255	0.09128315502943597
CHEM33	CHEM35	0.5535599743425272	3118.0	2092.0	0.1973792492245363	0.13243020826739255
CHEM36	CHEM131	0.5469556243550051	969.0	1442.0	0.06134076090396911	0.09128315502943597
ECON50	ECON51	0.5321637426900585	1881.0	1273.0	0.11907324175476357	0.08058492118756726
MATH19	MATH21	0.49966239027683995	1481.0	1633.0	0.09375197822371337	0.10337405836551244
ECON102A	ECON102B	0.4977973568281938	1589.0	1039.0	0.10058871937709692	0.06577198202190289
CHEM31X	CHEM35	0.49320543565147884	1251.0	2092.0	0.0791922516933595	0.13243020826739255
CS103	CS109	0.49111178065682437	3319.0	2672.0	0.21010318414888904	0.16914604038741532
CS124	<END>	0.47609942638623326	1046.0	15797.0	0.06621510413369627	1.0
CS106B	CS107	0.4748302037554934	5006.0	3393.0	0.31689561309109326	0.21478761790213333
CS106A	CS106B	0.45873452544704263	7270.0	5006.0	0.4602139646768374	0.31689561309109326
CS107	CS109	0.44090775125257886	3393.0	2672.0	0.21478761790213333	0.16914604038741532
PHYSICS42	PHYSICS44	0.4406196213425129	1162.0	890.0	0.07355827055770083	0.056339811356586694
MATH52	MATH53	0.43887623386484437	1317.0	1810.0	0.08337026017598279	0.11457871747800215
CME100	CME102	0.43660009289363677	2153.0	1447.0	0.1362917009558777	0.09159967082357409
ME101	ME203	0.42889221556886226	1336.0	1017.0	0.08457302019370766	0.06437931252769513
ECON51	ECON52	0.4265514532600157	1273.0	851.0	0.08058492118756726	0.0538709881623093
CS107	CS110	0.41998231653404067	3393.0	1927.0	0.21478761790213333	0.12198518706083433
ME101	ME103D	0.4199101796407186	1336.0	960.0	0.08457302019370766	0.06077103247452048
BIO150	<END>	0.4193817878028404	1197.0	15797.0	0.07577388111666772	1.0
MATH42	MATH51	0.4179372197309417	1115.0	5086.0	0.07058302209280243	0.3219598657973033
CS109	CS161	0.4176646706586826	2672.0	1990.0	0.16914604038741532	0.12597328606697475
MS&E193	<END>	0.41414141414141414	990.0	15797.0	0.06267012723934924	1.0
ECON1A	ECON1B	0.4089775561097257	1604.0	893.0	0.1015382667595113	0.05652972083306957
MS&E180	<END>	0.4079207920792079	1010.0	15797.0	0.06393619041590175	1.0
CS181W	<END>	0.4032258064516129	930.0	15797.0	0.058871937709691714	1.0
CS110	CS161	0.40217955371043074	1927.0	1990.0	0.12198518706083433	0.12597328606697475
CS145	<END>	0.39975550122249387	818.0	15797.0	0.05178198392099766	1.0
PSYCH70	<END>	0.3895680521597392	1227.0	15797.0	0.07767297588149649	1.0
ECON1B	ECON50	0.387458006718925	893.0	1881.0	0.05652972083306957	0.11907324175476357
ME80	<END>	0.3775401069518717	935.0	15797.0	0.05918845350382984	1.0
PHYSICS44	PHYSICS45	0.3775280898876405	890.0	1794.0	0.056339811356586694	0.11356586693676014
CS221	<END>	0.3757062146892655	1062.0	15797.0	0.06722795467493828	1.0
ECON102A	ECON51	0.3713027061044682	1589.0	1273.0	0.10058871937709692	0.08058492118756726
PSYCH80	<END>	0.3685419058553387	871.0	15797.0	0.055137051338861806	1.0
CS105	<END>	0.3678861788617886	1476.0	15797.0	0.09343546242957523	1.0
ENGR14	ME80	0.3661390227116311	1453.0	935.0	0.09197948977653984	0.05918845350382984
BIO41	CHEM131	0.36023054755043227	1388.0	1442.0	0.08786478445274419	0.09128315502943597
CS106B	CS103	0.36016779864163007	5006.0	3319.0	0.31689561309109326	0.21010318414888904
CS107	CS103	0.3542587680518715	3393.0	3319.0	0.21478761790213333	0.21010318414888904
CHEM35	BIO42	0.35181644359464626	2092.0	1196.0	0.13243020826739255	0.0757105779578401
ECON50	ECON102B	0.341839447102605	1881.0	1039.0	0.11907324175476357	0.06577198202190289
ME103D	ME80	0.340625	960.0	935.0	0.06077103247452048	0.05918845350382984
PHYSICS23	<END>	0.3372093023255814	1204.0	15797.0	0.0762170032284611	1.0
CS161	<END>	0.3371859296482412	1990.0	15797.0	0.12597328606697475	1.0
ECON50	ECON52	0.3322700691121744	1881.0	851.0	0.11907324175476357	0.0538709881623093
PHYSICS44	PHYSICS46	0.33146067415730335	890.0	813.0	0.056339811356586694	0.05146546812685953
CHEM31B	CHEM35	0.3295275590551181	2540.0	2092.0	0.16079002342216878	0.13243020826739255
CHEM31X	CS106A	0.32773780975219824	1251.0	7270.0	0.0791922516933595	0.4602139646768374
ENGR30	ME80	0.3277310924369748	833.0	935.0	0.052731531303412044	0.05918845350382984
CS108	<END>	0.32767762460233296	943.0	15797.0	0.059694878774450844	1.0
CME102	PHYSICS43	0.32688320663441606	1447.0	3030.0	0.09159967082357409	0.19180857124770526
ME203	ME80	0.32645034414945917	1017.0	935.0	0.06437931252769513	0.05918845350382984
CHEM33	BIO41	0.32488774855676716	3118.0	1388.0	0.1973792492245363	0.08786478445274419
PSYCH50	<END>	0.3239845261121857	1034.0	15797.0	0.06545546622776477	1.0
CS103	CS161	0.32178366978005424	3319.0	1990.0	0.21010318414888904	0.12597328606697475
ENGLISH90	<END>	0.3192883895131086	1068.0	15797.0	0.06760777362790403	1.0
PHYSICS42	PHYSICS45	0.31841652323580033	1162.0	1794.0	0.07355827055770083	0.11356586693676014
CHEM35	CHEM130	0.3178776290630975	2092.0	1268.0	0.13243020826739255	0.08026840539342914
ECON102B	ECON52	0.31665062560153995	1039.0	851.0	0.06577198202190289	0.0538709881623093
PSYCH45	<END>	0.3164983164983165	891.0	15797.0	0.05640311451541432	1.0
MATH41	MATH51	0.3139269406392694	876.0	5086.0	0.05545356713299994	0.3219598657973033
ENGR30	ME203	0.3133253301320528	833.0	1017.0	0.052731531303412044	0.06437931252769513
PHYSICS24	<END>	0.31308900523560207	955.0	15797.0	0.060454516680382354	1.0
CHEM31X	BIO41	0.31254996003197444	1251.0	1388.0	0.0791922516933595	0.08786478445274419
CS147	<END>	0.30919540229885056	870.0	15797.0	0.05507374818003418	1.0
DANCE46	<END>	0.30749014454664914	1522.0	15797.0	0.09634740773564601	1.0
MATH41	CS106A	0.3059360730593607	876.0	7270.0	0.05545356713299994	0.4602139646768374
ME80	ME203	0.3048128342245989	935.0	1017.0	0.05918845350382984	0.06437931252769513
CHEM131	CHEM135	0.3044382801664355	1442.0	981.0	0.09128315502943597	0.06210039880990061
CHEM36	BIO44X	0.30340557275541796	969.0	1064.0	0.06134076090396911	0.06735456099259353
MED160	<END>	0.3031055900621118	805.0	15797.0	0.05095904285623853	1.0
CS142	<END>	0.30129240710823907	1238.0	15797.0	0.07836931062860036	1.0
ENGR30	ME103D	0.30012004801920766	833.0	960.0	0.052731531303412044	0.06077103247452048
CS108	CS161	0.2990455991516437	943.0	1990.0	0.059694878774450844	0.12597328606697475
CS1C	CS106A	0.2964705882352941	1700.0	7270.0	0.10761537000696335	0.4602139646768374
PSYCH30	<END>	0.2963362068965517	928.0	15797.0	0.058745331392036464	1.0
ECON1B	ECON102A	0.2933930571108623	893.0	1589.0	0.05652972083306957	0.10058871937709692
CHEM36	BIO42	0.2930856553147575	969.0	1196.0	0.06134076090396911	0.0757105779578401
BIO41	BIO44X	0.29250720461095103	1388.0	1064.0	0.08786478445274419	0.06735456099259353
STS1	<END>	0.2917139614074915	881.0	15797.0	0.055770082927138066	1.0
CME100	PHYSICS43	0.2898281467719461	2153.0	3030.0	0.1362917009558777	0.19180857124770526
CHEM130	<END>	0.2894321766561514	1268.0	15797.0	0.08026840539342914	1.0
<BEGIN>	CS106A	0.289042223206938	15797.0	7270.0	1.0	0.4602139646768374
CS145	CS124	0.2885085574572127	818.0	1046.0	0.05178198392099766	0.06621510413369627
CS103	CS107	0.28833986140403733	3319.0	3393.0	0.21010318414888904	0.21478761790213333
CHEM31A	CHEM35	0.2874913614374568	2894.0	2092.0	0.18319934164714818	0.13243020826739255
CHEM36	CHEM135	0.28586171310629516	969.0	981.0	0.06134076090396911	0.06210039880990061
CS142	CS161	0.2851373182552504	1238.0	1990.0	0.07836931062860036	0.12597328606697475
ME80	ME103D	0.28342245989304815	935.0	960.0	0.05918845350382984	0.06077103247452048
CS147	CS161	0.2827586206896552	870.0	1990.0	0.05507374818003418	0.12597328606697475
CHEM131	CHEM130	0.28224687933425796	1442.0	1268.0	0.09128315502943597	0.08026840539342914
CS103	CS110	0.28050617655920457	3319.0	1927.0	0.21010318414888904	0.12198518706083433
STATS60	<END>	0.2798165137614679	3270.0	15797.0	0.2070013293663354	1.0
ENGR40M	<END>	0.2793594306049822	1124.0	15797.0	0.07115275052225106	1.0
PHYSICS43	PHYSICS45	0.27920792079207923	3030.0	1794.0	0.19180857124770526	0.11356586693676014
ENGR14	ME103D	0.27873365450791465	1453.0	960.0	0.09197948977653984	0.06077103247452048
CHEM33	BIO42	0.27870429762668375	3118.0	1196.0	0.1973792492245363	0.0757105779578401
ECON1A	ECON50	0.27805486284289277	1604.0	1881.0	0.1015382667595113	0.11907324175476357
ENGR14	ME203	0.27735719201651754	1453.0	1017.0	0.09197948977653984	0.06437931252769513
PSYC135	<END>	0.2747043113315528	2621.0	15797.0	0.16591757928720643	1.0
CS107	CS161	0.27379899793692897	3393.0	1990.0	0.21478761790213333	0.12597328606697475
ECON102A	ECON52	0.2737570799244808	1589.0	851.0	0.10058871937709692	0.0538709881623093
CHEM31X	MATH51	0.27258193445243806	1251.0	5086.0	0.0791922516933595	0.3219598657973033
CS108	CS142	0.271474019088017	943.0	1238.0	0.059694878774450844	0.07836931062860036
ECON1A	MATH51	0.2699501246882793	1604.0	5086.0	0.1015382667595113	0.3219598657973033
UAR56	CS106A	0.2699309478970496	1593.0	7270.0	0.10084193201240742	0.4602139646768374
ECON1B	ECON51	0.2687569988801792	893.0	1273.0	0.05652972083306957	0.08058492118756726
ECON1	ECON50	0.2675033025099075	3028.0	1881.0	0.19168196493005002	0.11907324175476357
CME100	PHYSICS41	0.26614026939154667	2153.0	3406.0	0.1362917009558777	0.21561055896689243
CME100	CS106B	0.2656758012076173	2153.0	5006.0	0.1362917009558777	0.31689561309109326
BIO44X	CHEM130	0.2650375939849624	1064.0	1268.0	0.06735456099259353	0.08026840539342914
CS110	CS109	0.26466009340944474	1927.0	2672.0	0.12198518706083433	0.16914604038741532
CHEM31B	HUMBIO2A	0.2641732283464567	2540.0	1548.0	0.16079002342216878	0.09799328986516427
CHEM33	CHEM131	0.2610647851186658	3118.0	1442.0	0.1973792492245363	0.09128315502943597
<BEGIN>	MATH51	0.26030258909919607	15797.0	5086.0	1.0	0.3219598657973033
ME203	<END>	0.25958702064896755	1017.0	15797.0	0.06437931252769513	1.0
CHEM130	CHEM135	0.2586750788643533	1268.0	981.0	0.08026840539342914	0.06210039880990061
MATH42	CHEM33	0.25829596412556055	1115.0	3118.0	0.07058302209280243	0.1973792492245363
BIO44X	CHEM135	0.2575187969924812	1064.0	981.0	0.06735456099259353	0.06210039880990061
MATH41	CHEM31B	0.2545662100456621	876.0	2540.0	0.05545356713299994	0.16079002342216878
ECON102B	<END>	0.25409047160731474	1039.0	15797.0	0.06577198202190289	1.0
MATH42	CS106A	0.2538116591928251	1115.0	7270.0	0.07058302209280243	0.4602139646768374
CHEM31X	PHYSICS41	0.25259792166266987	1251.0	3406.0	0.0791922516933595	0.21561055896689243
CHEM31B	HUMBIO2B	0.25236220472440946	2540.0	1520.0	0.16079002342216878	0.09622080141799076
CS145	CS161	0.25183374083129584	818.0	1990.0	0.05178198392099766	0.12597328606697475
CS108	CS109	0.2513255567338282	943.0	2672.0	0.059694878774450844	0.16914604038741532
MATH41	CHEM33	0.25	876.0	3118.0	0.05545356713299994	0.1973792492245363
ME101	ME80	0.25	1336.0	935.0	0.08457302019370766	0.05918845350382984
SPANLANG3	<END>	0.25	1552.0	15797.0	0.09824650250047477	1.0
MATH52	CS103	0.2498101746393318	1317.0	3319.0	0.08337026017598279	0.21010318414888904
CS108	CS110	0.2492046659597031	943.0	1927.0	0.059694878774450844	0.12198518706083433
CHEM31A	HUMBIO2A	0.24740843123704215	2894.0	1548.0	0.18319934164714818	0.09799328986516427
CHEM31X	CS106B	0.24700239808153476	1251.0	5006.0	0.0791922516933595	0.31689561309109326
BIO41	CHEM130	0.24639769452449567	1388.0	1268.0	0.08786478445274419	0.08026840539342914
CHEM31B	HUMBIO3A	0.24566929133858267	2540.0	1369.0	0.16079002342216878	0.0866620244350193
PHYSICS42	PHYSICS46	0.24182444061962136	1162.0	813.0	0.07355827055770083	0.05146546812685953
PHYSICS41	PHYSICS45	0.24163241338813857	3406.0	1794.0	0.21561055896689243	0.11356586693676014
PHYSICS21	<END>	0.2412280701754386	1140.0	15797.0	0.07216560106349307	1.0
CHEM31A	CS106A	0.24084312370421562	2894.0	7270.0	0.18319934164714818	0.4602139646768374
CS147	CS109	0.24022988505747125	870.0	2672.0	0.05507374818003418	0.16914604038741532
PHYSICS22	<END>	0.24012158054711247	987.0	15797.0	0.062480217762866365	1.0
ECON51	ECON102B	0.23959151610369206	1273.0	1039.0	0.08058492118756726	0.06577198202190289
ME101	ENGR14	0.23877245508982037	1336.0	1453.0	0.08457302019370766	0.09197948977653984
CHEM31B	HUMBIO3B	0.23858267716535433	2540.0	1353.0	0.16079002342216878	0.0856491738937773
EARTHSYS10	<END>	0.23809523809523808	966.0	15797.0	0.06115085142748623	1.0
CHEM31A	HUMBIO2B	0.2373876986869385	2894.0	1520.0	0.18319934164714818	0.09622080141799076
CS221	CS124	0.23728813559322035	1062.0	1046.0	0.06722795467493828	0.06621510413369627
CS221	CS161	0.23728813559322035	1062.0	1990.0	0.06722795467493828	0.12597328606697475
CHEM135	CHEM130	0.23649337410805302	981.0	1268.0	0.06210039880990061	0.08026840539342914
ECON51	<END>	0.2356637863315004	1273.0	15797.0	0.08058492118756726	1.0
CS106B	CS109	0.23252097483020376	5006.0	2672.0	0.31689561309109326	0.16914604038741532
BIO44X	<END>	0.22838345864661655	1064.0	15797.0	0.06735456099259353	1.0
CHEM131	PHYSICS23	0.2274618585298197	1442.0	1204.0	0.09128315502943597	0.0762170032284611
CS1C	CS106B	0.22705882352941176	1700.0	5006.0	0.10761537000696335	0.31689561309109326
BIO42	CHEM135	0.2265886287625418	1196.0	981.0	0.0757105779578401	0.06210039880990061
MATH51	MATH53	0.22630751081399922	5086.0	1810.0	0.3219598657973033	0.11457871747800215
CHEM135	<END>	0.22629969418960244	981.0	15797.0	0.06210039880990061	1.0
CS109	CS110	0.2256736526946108	2672.0	1927.0	0.16914604038741532	0.12198518706083433
UAR56	PSYC135	0.2253609541745135	1593.0	2621.0	0.10084193201240742	0.16591757928720643
SPANLANG2	<END>	0.22524977293369663	1101.0	15797.0	0.06969677786921567	1.0
MATH19	CHEM31B	0.22484807562457798	1481.0	2540.0	0.09375197822371337	0.16079002342216878
MS&E472	<END>	0.22475424486148346	2238.0	15797.0	0.14167246945622586	1.0
MATH20	CHEM33	0.22457378012933568	1701.0	3118.0	0.10767867316579097	0.1973792492245363
CS109	CS221	0.22417664670658682	2672.0	1062.0	0.16914604038741532	0.06722795467493828
ECON1A	CS106A	0.2238154613466334	1604.0	7270.0	0.1015382667595113	0.4602139646768374
ENGR14	ME101	0.2236751548520303	1453.0	1336.0	0.09197948977653984	0.08457302019370766
CS110	<END>	0.22366372599896212	1927.0	15797.0	0.12198518706083433	1.0
ENGR30	ME101	0.22328931572629052	833.0	1336.0	0.052731531303412044	0.08457302019370766
CHEM131	PHYSICS24	0.22122052704576978	1442.0	955.0	0.09128315502943597	0.060454516680382354
POLISCI1	<END>	0.22113289760348584	918.0	15797.0	0.05811229980376021	1.0
ECON102A	ECON50	0.2208936438011328	1589.0	1881.0	0.10058871937709692	0.11907324175476357
CHEM31B	BIO41	0.22086614173228347	2540.0	1388.0	0.16079002342216878	0.08786478445274419
CS147	CS142	0.2206896551724138	870.0	1238.0	0.05507374818003418	0.07836931062860036
PHYSICS22	CHEM135	0.2198581560283688	987.0	981.0	0.062480217762866365	0.06210039880990061
CHEM33	HUMBIO2A	0.2190506735086594	3118.0	1548.0	0.1973792492245363	0.09799328986516427
CHEM35	HUMBIO3A	0.21892925430210325	2092.0	1369.0	0.13243020826739255	0.0866620244350193
CS1C	MATH51	0.2188235294117647	1700.0	5086.0	0.10761537000696335	0.3219598657973033
MS&E472	CS106B	0.21849865951742628	2238.0	5006.0	0.14167246945622586	0.31689561309109326
CS110	CS221	0.2184743124026985	1927.0	1062.0	0.12198518706083433	0.06722795467493828
MATH51	ECON50	0.21824616594573337	5086.0	1881.0	0.3219598657973033	0.11907324175476357
CS109	<END>	0.21781437125748504	2672.0	15797.0	0.16914604038741532	1.0
ME103D	<END>	0.21770833333333334	960.0	15797.0	0.06077103247452048	1.0
ECON52	<END>	0.21621621621621623	851.0	15797.0	0.0538709881623093	1.0
ECON1B	ECON102B	0.21612541993281076	893.0	1039.0	0.05652972083306957	0.06577198202190289
MATH51	CS106A	0.21529689343295322	5086.0	7270.0	0.3219598657973033	0.4602139646768374
CS161	CS221	0.21457286432160805	1990.0	1062.0	0.12597328606697475	0.06722795467493828
PHYSICS41	ENGR14	0.2143276570757487	3406.0	1453.0	0.21561055896689243	0.09197948977653984
MATH21	MATH51	0.21249234537660747	1633.0	5086.0	0.10337405836551244	0.3219598657973033
CHEM35	HUMBIO4A	0.21223709369024857	2092.0	1324.0	0.13243020826739255	0.08381338228777616
CS124	CS161	0.21223709369024857	1046.0	1990.0	0.06621510413369627	0.12597328606697475
CHEM35	HUMBIO3B	0.21080305927342255	2092.0	1353.0	0.13243020826739255	0.0856491738937773
CHEM35	BIO44X	0.21032504780114722	2092.0	1064.0	0.13243020826739255	0.06735456099259353
MATH51	CS106B	0.21018482107746755	5086.0	5006.0	0.3219598657973033	0.31689561309109326
ME110	ME203	0.20925747348119575	1037.0	1017.0	0.06564537570424764	0.06437931252769513
CHEM33	HUMBIO2B	0.20878768441308532	3118.0	1520.0	0.1973792492245363	0.09622080141799076
CME102	CS106B	0.20870767104353835	1447.0	5006.0	0.09159967082357409	0.31689561309109326
MATH51	CS103	0.20743216673220605	5086.0	3319.0	0.3219598657973033	0.21010318414888904
ME110	<END>	0.2073288331726133	1037.0	15797.0	0.06564537570424764	1.0
ECON1B	ECON52	0.20716685330347145	893.0	851.0	0.05652972083306957	0.0538709881623093
CHEM33	HUMBIO3A	0.20686337395766516	3118.0	1369.0	0.1973792492245363	0.0866620244350193
ME110	ME103D	0.2063645130183221	1037.0	960.0	0.06564537570424764	0.06077103247452048
CS109	CS124	0.2058383233532934	2672.0	1046.0	0.16914604038741532	0.06621510413369627
MATH52	CS107	0.20577069096431283	1317.0	3393.0	0.08337026017598279	0.21478761790213333
CS106A	CS107	0.2046767537826685	7270.0	3393.0	0.4602139646768374	0.21478761790213333
BIO44X	PHYSICS24	0.20394736842105263	1064.0	955.0	0.06735456099259353	0.060454516680382354
CHEM35	HUMBIO4B	0.20363288718929254	2092.0	1299.0	0.13243020826739255	0.08223080331708552
CS110	CS124	0.20290607161390764	1927.0	1046.0	0.12198518706083433	0.06621510413369627
CHEM31B	CS106A	0.20275590551181102	2540.0	7270.0	0.16079002342216878	0.4602139646768374
MATH41	PHYSICS41	0.2009132420091324	876.0	3406.0	0.05545356713299994	0.21561055896689243
UAR56	MATH20	0.19962335216572505	1593.0	1701.0	0.10084193201240742	0.10767867316579097
BIO44X	PHYSICS23	0.19924812030075187	1064.0	1204.0	0.06735456099259353	0.0762170032284611
CME100	CS106A	0.19879238272178357	2153.0	7270.0	0.1362917009558777	0.4602139646768374
ECON52	ECON102B	0.19858989424206816	851.0	1039.0	0.0538709881623093	0.06577198202190289
MATH51	CS107	0.19760125835627212	5086.0	3393.0	0.3219598657973033	0.21478761790213333
CHEM33	HUMBIO3B	0.19692110327132778	3118.0	1353.0	0.1973792492245363	0.0856491738937773
CS110	CS142	0.19408406850025947	1927.0	1238.0	0.12198518706083433	0.07836931062860036
ME110	ENGR14	0.19382835101253615	1037.0	1453.0	0.06564537570424764	0.09197948977653984
MATH19	CS106A	0.1937879810938555	1481.0	7270.0	0.09375197822371337	0.4602139646768374
ECON1	MATH51	0.19352708058124174	3028.0	5086.0	0.19168196493005002	0.3219598657973033
CHEM31X	PHYSICS43	0.19344524380495604	1251.0	3030.0	0.0791922516933595	0.19180857124770526
MATH53	CS103	0.19281767955801105	1810.0	3319.0	0.11457871747800215	0.21010318414888904
PHYSICS21	CHEM135	0.19210526315789472	1140.0	981.0	0.07216560106349307	0.06210039880990061
ENGR14	ENGR30	0.19201651754989676	1453.0	833.0	0.09197948977653984	0.052731531303412044
CHEM31A	BIO41	0.19143054595715273	2894.0	1388.0	0.18319934164714818	0.08786478445274419
CS181W	CS161	0.1913978494623656	930.0	1990.0	0.058871937709691714	0.12597328606697475
CS147	CS110	0.19080459770114944	870.0	1927.0	0.05507374818003418	0.12198518706083433
ECON102B	ECON51	0.19056785370548604	1039.0	1273.0	0.06577198202190289	0.08058492118756726
BIO42	CHEM130	0.18979933110367894	1196.0	1268.0	0.0757105779578401	0.08026840539342914
PHYSICS43	<END>	0.18976897689768976	3030.0	15797.0	0.19180857124770526	1.0
CME100	CS107	0.18950301904319555	2153.0	3393.0	0.1362917009558777	0.21478761790213333
CHEM31B	BIO42	0.1893700787401575	2540.0	1196.0	0.16079002342216878	0.0757105779578401
PHYSICS42	CS106B	0.1884681583476764	1162.0	5006.0	0.07355827055770083	0.31689561309109326
CS142	CS110	0.18820678513731826	1238.0	1927.0	0.07836931062860036	0.12198518706083433
CS106A	CS103	0.18803301237964237	7270.0	3319.0	0.4602139646768374	0.21010318414888904
CHEM131	BIO44X	0.18793342579750347	1442.0	1064.0	0.09128315502943597	0.06735456099259353
HUMBIO2B	CHEM131	0.1875	1520.0	1442.0	0.09622080141799076	0.09128315502943597
UAR56	CHEM31B	0.1864406779661017	1593.0	2540.0	0.10084193201240742	0.16079002342216878
CS107	CS142	0.18597111700559976	3393.0	1238.0	0.21478761790213333	0.07836931062860036
ECON1A	ECON102A	0.185785536159601	1604.0	1589.0	0.1015382667595113	0.10058871937709692
MATH42	CHEM35	0.18565022421524663	1115.0	2092.0	0.07058302209280243	0.13243020826739255
HUMBIO4B	PHYSICS21	0.1855273287143957	1299.0	1140.0	0.08223080331708552	0.07216560106349307
CME102	CS107	0.1852107809260539	1447.0	3393.0	0.09159967082357409	0.21478761790213333
CHEM33	HUMBIO4A	0.18505452212957024	3118.0	1324.0	0.1973792492245363	0.08381338228777616
CS1C	CHEM33	0.18470588235294116	1700.0	3118.0	0.10761537000696335	0.1973792492245363
MATH53	CS106B	0.18453038674033148	1810.0	5006.0	0.11457871747800215	0.31689561309109326
MATH52	CS106B	0.1845102505694761	1317.0	5006.0	0.08337026017598279	0.31689561309109326
HUMBIO4A	PHYSICS21	0.18429003021148035	1324.0	1140.0	0.08381338228777616	0.07216560106349307
PHYSICS42	CS106A	0.18416523235800344	1162.0	7270.0	0.07355827055770083	0.4602139646768374
PHYSICS42	ENGR14	0.18416523235800344	1162.0	1453.0	0.07355827055770083	0.09197948977653984
CHEM36	PHYSICS21	0.18369453044375644	969.0	1140.0	0.06134076090396911	0.07216560106349307
MATH19	CHEM33	0.1836596893990547	1481.0	3118.0	0.09375197822371337	0.1973792492245363
HUMBIO2A	CHEM131	0.1834625322997416	1548.0	1442.0	0.09799328986516427	0.09128315502943597
CS145	CS142	0.18337408312958436	818.0	1238.0	0.05178198392099766	0.07836931062860036
HUMBIO4B	PHYSICS22	0.18321785989222478	1299.0	987.0	0.08223080331708552	0.062480217762866365
CS110	CS145	0.1826673585884795	1927.0	818.0	0.12198518706083433	0.05178198392099766
MATH41	CS106B	0.182648401826484	876.0	5006.0	0.05545356713299994	0.31689561309109326
PHYSICS44	<END>	0.18202247191011237	890.0	15797.0	0.056339811356586694	1.0
HUMBIO4B	HUMBIO197	0.18167821401077752	1299.0	886.0	0.08223080331708552	0.05608659872127619
HUMBIO4B	PHYSICS23	0.18167821401077752	1299.0	1204.0	0.08223080331708552	0.0762170032284611
CHEM36	PHYSICS22	0.18163054695562436	969.0	987.0	0.06134076090396911	0.062480217762866365
HUMBIO4A	PHYSICS22	0.18126888217522658	1324.0	987.0	0.08381338228777616	0.062480217762866365
HUMBIO4A	PHYSICS23	0.18126888217522658	1324.0	1204.0	0.08381338228777616	0.0762170032284611
PHYSICS45	ME80	0.18004459308807136	1794.0	935.0	0.11356586693676014	0.05918845350382984
ECON52	ECON51	0.1797884841363102	851.0	1273.0	0.0538709881623093	0.08058492118756726
CS108	CS124	0.1792152704135737	943.0	1046.0	0.059694878774450844	0.06621510413369627
CME100	CHEM33	0.17882025081281933	2153.0	3118.0	0.1362917009558777	0.1973792492245363
<BEGIN>	CS106B	0.1787681205292144	15797.0	5006.0	1.0	0.31689561309109326
ECON50	ECON102A	0.17862838915470494	1881.0	1589.0	0.11907324175476357	0.10058871937709692
HUMBIO4B	PHYSICS24	0.17859892224788299	1299.0	955.0	0.08223080331708552	0.060454516680382354
CHEM31A	MATH20	0.17829993089149965	2894.0	1701.0	0.18319934164714818	0.10767867316579097
CHEM31A	MATH21	0.17829993089149965	2894.0	1633.0	0.18319934164714818	0.10337405836551244
HUMBIO4A	PHYSICS24	0.1782477341389728	1324.0	955.0	0.08381338228777616	0.060454516680382354
MATH21	<END>	0.17819963257807717	1633.0	15797.0	0.10337405836551244	1.0
CHEM33	CHEM36	0.17767799871712636	3118.0	969.0	0.1973792492245363	0.06134076090396911
MED160	CHEM130	0.17763975155279504	805.0	1268.0	0.05095904285623853	0.08026840539342914
MATH42	PHYSICS41	0.17757847533632287	1115.0	3406.0	0.07058302209280243	0.21561055896689243
PHYSICS22	BIO44X	0.1773049645390071	987.0	1064.0	0.062480217762866365	0.06735456099259353
PHYSICS41	CS106A	0.17704051673517324	3406.0	7270.0	0.21561055896689243	0.4602139646768374
HUMBIO3A	PHYSICS23	0.17677136596055515	1369.0	1204.0	0.0866620244350193	0.0762170032284611
CHEM135	STATS60	0.1763506625891947	981.0	3270.0	0.06210039880990061	0.2070013293663354
PHYSICS41	CS106B	0.17615971814445097	3406.0	5006.0	0.21561055896689243	0.31689561309109326
MATH20	CS106A	0.17519106407995297	1701.0	7270.0	0.10767867316579097	0.4602139646768374
HUMBIO3B	PHYSICS23	0.17516629711751663	1353.0	1204.0	0.0856491738937773	0.0762170032284611
ENGR40	<END>	0.17485029940119762	835.0	15797.0	0.052858137621067294	1.0
CME102	ENGR14	0.17484450587422254	1447.0	1453.0	0.09159967082357409	0.09197948977653984
PHYSICS46	CS106B	0.17466174661746617	813.0	5006.0	0.05146546812685953	0.31689561309109326
CHEM33	HUMBIO4B	0.17447081462475947	3118.0	1299.0	0.1973792492245363	0.08223080331708552
CHEM131	PHYSICS21	0.17406380027739252	1442.0	1140.0	0.09128315502943597	0.07216560106349307
HUMBIO3A	PHYSICS24	0.17384952520087654	1369.0	955.0	0.0866620244350193	0.060454516680382354
ECON1	CS106A	0.17338177014531045	3028.0	7270.0	0.19168196493005002	0.4602139646768374
HUMBIO3A	PHYSICS21	0.1731190650109569	1369.0	1140.0	0.0866620244350193	0.07216560106349307
BIO42	PHYSICS23	0.17307692307692307	1196.0	1204.0	0.0757105779578401	0.0762170032284611
HUMBIO4A	HUMBIO197	0.1729607250755287	1324.0	886.0	0.08381338228777616	0.05608659872127619
CS1C	PSYC135	0.17294117647058824	1700.0	2621.0	0.10761537000696335	0.16591757928720643
<BEGIN>	CHEM33	0.17288092675824523	15797.0	3118.0	1.0	0.1973792492245363
CS108	CS145	0.1728525980911983	943.0	818.0	0.059694878774450844	0.05178198392099766
UAR56	MATH51	0.17263025737602009	1593.0	5086.0	0.10084193201240742	0.3219598657973033
MATH51	MATH52	0.17223751474636256	5086.0	1317.0	0.3219598657973033	0.08337026017598279
HUMBIO3B	PHYSICS24	0.172209903917221	1353.0	955.0	0.0856491738937773	0.060454516680382354
MATH19	HUMBIO2A	0.17218095881161377	1481.0	1548.0	0.09375197822371337	0.09799328986516427
CME100	CS103	0.17185322805387832	2153.0	3319.0	0.1362917009558777	0.21010318414888904
CHEM131	PHYSICS22	0.17128987517337033	1442.0	987.0	0.09128315502943597	0.062480217762866365
CS161	CS110	0.1708542713567839	1990.0	1927.0	0.12597328606697475	0.12198518706083433
UAR56	MATH21	0.17074701820464533	1593.0	1633.0	0.10084193201240742	0.10337405836551244
UAR56	PSYCH1	0.17074701820464533	1593.0	3600.0	0.10084193201240742	0.2278913717794518
HUMBIO3B	PHYSICS21	0.17073170731707318	1353.0	1140.0	0.0856491738937773	0.07216560106349307
CHEM31A	MATH51	0.17069799585349	2894.0	5086.0	0.18319934164714818	0.3219598657973033
CS1C	PHYSICS41	0.17058823529411765	1700.0	3406.0	0.10761537000696335	0.21561055896689243
CS124	CS221	0.1701720841300191	1046.0	1062.0	0.06621510413369627	0.06722795467493828
BIO42	PHYSICS24	0.1697324414715719	1196.0	955.0	0.0757105779578401	0.060454516680382354
ME101	PHYSICS43	0.1691616766467066	1336.0	3030.0	0.08457302019370766	0.19180857124770526
PHYSICS41	PHYSICS44	0.16911332941867294	3406.0	890.0	0.21561055896689243	0.056339811356586694
MATH53	CS107	0.16906077348066298	1810.0	3393.0	0.11457871747800215	0.21478761790213333
CS142	CS145	0.16882067851373184	1238.0	818.0	0.07836931062860036	0.05178198392099766
HUMBIO3A	PHYSICS22	0.168736303871439	1369.0	987.0	0.0866620244350193	0.062480217762866365
CME102	CS103	0.1686247408431237	1447.0	3319.0	0.09159967082357409	0.21010318414888904
PHYSICS45	ENGR14	0.16833890746934224	1794.0	1453.0	0.11356586693676014	0.09197948977653984
BIO44X	CHEM36	0.16823308270676693	1064.0	969.0	0.06735456099259353	0.06134076090396911
CHEM130	PHYSICS24	0.167192429022082	1268.0	955.0	0.08026840539342914	0.060454516680382354
ECON1	CS106B	0.16710700132100395	3028.0	5006.0	0.19168196493005002	0.31689561309109326
HUMBIO3B	PHYSICS22	0.1670362158167036	1353.0	987.0	0.0856491738937773	0.062480217762866365
ME110	PHYSICS43	0.16682738669238187	1037.0	3030.0	0.06564537570424764	0.19180857124770526
MATH42	CS106B	0.16681614349775784	1115.0	5006.0	0.07058302209280243	0.31689561309109326
MATH19	HUMBIO2B	0.16677920324105333	1481.0	1520.0	0.09375197822371337	0.09622080141799076
CS2C	CS106A	0.16589327146171692	862.0	7270.0	0.05456732290941318	0.4602139646768374
ME110	ME80	0.16586306653809066	1037.0	935.0	0.06564537570424764	0.05918845350382984
CME102	PHYSICS45	0.165860400829302	1447.0	1794.0	0.09159967082357409	0.11356586693676014
CME100	<END>	0.1653506734788667	2153.0	15797.0	0.1362917009558777	1.0
CHEM36	PHYSICS23	0.1651186790505676	969.0	1204.0	0.06134076090396911	0.0762170032284611
CHEM130	PHYSICS23	0.16482649842271294	1268.0	1204.0	0.08026840539342914	0.0762170032284611
ENGR40M	CS109	0.16459074733096085	1124.0	2672.0	0.07115275052225106	0.16914604038741532
PHYSICS42	<END>	0.16437177280550774	1162.0	15797.0	0.07355827055770083	1.0
CS107	<END>	0.1641615089890952	3393.0	15797.0	0.21478761790213333	1.0
MATH20	HUMBIO2A	0.164021164021164	1701.0	1548.0	0.10767867316579097	0.09799328986516427
MATH41	CHEM35	0.1632420091324201	876.0	2092.0	0.05545356713299994	0.13243020826739255
CS107	CS108	0.16268788682581786	3393.0	943.0	0.21478761790213333	0.059694878774450844
PHYSICS42	CHEM35	0.16265060240963855	1162.0	2092.0	0.07355827055770083	0.13243020826739255
UAR56	CHEM33	0.162586315128688	1593.0	3118.0	0.10084193201240742	0.1973792492245363
MATH52	CS109	0.1624905087319666	1317.0	2672.0	0.08337026017598279	0.16914604038741532
CS142	CS221	0.16235864297253635	1238.0	1062.0	0.07836931062860036	0.06722795467493828
CHEM131	CHEM36	0.1622746185852982	1442.0	969.0	0.09128315502943597	0.06134076090396911
CHEM131	HUMBIO4A	0.1622746185852982	1442.0	1324.0	0.09128315502943597	0.08381338228777616
CHEM31X	CME102	0.16227018385291767	1251.0	1447.0	0.0791922516933595	0.09159967082357409
MATH20	MATH51	0.16225749559082892	1701.0	5086.0	0.10767867316579097	0.3219598657973033
CHEM36	PHYSICS24	0.16202270381836945	969.0	955.0	0.06134076090396911	0.060454516680382354
CS103	CS221	0.16179572160289243	3319.0	1062.0	0.21010318414888904	0.06722795467493828
ECON1	ECON102A	0.16149273447820345	3028.0	1589.0	0.19168196493005002	0.10058871937709692
ECON1B	CS106A	0.1612541993281075	893.0	7270.0	0.05652972083306957	0.4602139646768374
PHYSICS22	CHEM130	0.16109422492401215	987.0	1268.0	0.062480217762866365	0.08026840539342914
CHEM135	BIO44X	0.16106014271151886	981.0	1064.0	0.06210039880990061	0.06735456099259353
CS106B	<END>	0.16080703156212545	5006.0	15797.0	0.31689561309109326	1.0
HUMBIO2B	PHYSICS21	0.16052631578947368	1520.0	1140.0	0.09622080141799076	0.07216560106349307
MATH21	CME100	0.16044090630740968	1633.0	2153.0	0.10337405836551244	0.1362917009558777
MS&E472	CS107	0.16041108132260948	2238.0	3393.0	0.14167246945622586	0.21478761790213333
CHEM33	CS106A	0.1600384862091084	3118.0	7270.0	0.1973792492245363	0.4602139646768374
BIO41	PHYSICS41	0.15994236311239193	1388.0	3406.0	0.08786478445274419	0.21561055896689243
CS142	CS124	0.15993537964458804	1238.0	1046.0	0.07836931062860036	0.06621510413369627
CHEM31X	CHEM36	0.15987210231814547	1251.0	969.0	0.0791922516933595	0.06134076090396911
CS161	CS124	0.15979899497487438	1990.0	1046.0	0.12597328606697475	0.06621510413369627
HUMBIO2A	PHYSICS21	0.15956072351421188	1548.0	1140.0	0.09799328986516427	0.07216560106349307
CHEM131	HUMBIO4B	0.15950069348127602	1442.0	1299.0	0.09128315502943597	0.08223080331708552
CHEM35	PHYSICS21	0.15917782026768643	2092.0	1140.0	0.13243020826739255	0.07216560106349307
CS147	CS124	0.15862068965517243	870.0	1046.0	0.05507374818003418	0.06621510413369627
CHEM31B	MATH21	0.15826771653543306	2540.0	1633.0	0.16079002342216878	0.10337405836551244
MATH20	HUMBIO2B	0.15814226925338037	1701.0	1520.0	0.10767867316579097	0.09622080141799076
MATH52	PHYSICS43	0.15793470007593013	1317.0	3030.0	0.08337026017598279	0.19180857124770526
MED160	PHYSICS22	0.1577639751552795	805.0	987.0	0.05095904285623853	0.062480217762866365
CHEM35	PHYSICS22	0.1577437858508604	2092.0	987.0	0.13243020826739255	0.062480217762866365
CS142	CS147	0.15751211631663975	1238.0	870.0	0.07836931062860036	0.05507374818003418
HUMBIO2B	PHYSICS22	0.15723684210526315	1520.0	987.0	0.09622080141799076	0.062480217762866365
HUMBIO4B	CHEM135	0.15704387990762125	1299.0	981.0	0.08223080331708552	0.06210039880990061
BIO44X	STATS60	0.15695488721804512	1064.0	3270.0	0.06735456099259353	0.2070013293663354
ENGR14	PHYSICS45	0.15691672401927048	1453.0	1794.0	0.09197948977653984	0.11356586693676014
CS103	CS142	0.1566736968966556	3319.0	1238.0	0.21010318414888904	0.07836931062860036
MED160	PHYSICS21	0.1565217391304348	805.0	1140.0	0.05095904285623853	0.07216560106349307
CHEM31B	CHEM131	0.1562992125984252	2540.0	1442.0	0.16079002342216878	0.09128315502943597
PHYSICS46	CS106A	0.15621156211562115	813.0	7270.0	0.05146546812685953	0.4602139646768374
MATH21	CS106A	0.15615431720759337	1633.0	7270.0	0.10337405836551244	0.4602139646768374
PHYSICS45	ENGR30	0.15607580824972128	1794.0	833.0	0.11356586693676014	0.052731531303412044
MATH19	PSYCH1	0.15597569209993248	1481.0	3600.0	0.09375197822371337	0.2278913717794518
HUMBIO2A	PHYSICS22	0.15568475452196381	1548.0	987.0	0.09799328986516427	0.062480217762866365
CHEM131	PHYSICS43	0.1553398058252427	1442.0	3030.0	0.09128315502943597	0.19180857124770526
MATH53	MATH52	0.1552486187845304	1810.0	1317.0	0.11457871747800215	0.08337026017598279
CS1C	CS2C	0.15470588235294117	1700.0	862.0	0.10761537000696335	0.05456732290941318
<BEGIN>	CHEM31A	0.15452301069823385	15797.0	2894.0	1.0	0.18319934164714818
MED160	CHEM135	0.15403726708074533	805.0	981.0	0.05095904285623853	0.06210039880990061
CHEM35	CHEM36	0.15391969407265774	2092.0	969.0	0.13243020826739255	0.06134076090396911
CS124	CS142	0.15391969407265774	1046.0	1238.0	0.06621510413369627	0.07836931062860036
PSYCH1	CS106A	0.15361111111111111	3600.0	7270.0	0.2278913717794518	0.4602139646768374
HUMBIO4A	CHEM135	0.15332326283987915	1324.0	981.0	0.08381338228777616	0.06210039880990061
PHYSICS45	PHYSICS43	0.15328874024526198	1794.0	3030.0	0.11356586693676014	0.19180857124770526
PHYSICS42	CHEM33	0.153184165232358	1162.0	3118.0	0.07355827055770083	0.1973792492245363
CS1C	CHEM31B	0.15294117647058825	1700.0	2540.0	0.10761537000696335	0.16079002342216878
CS145	CS181W	0.1528117359413203	818.0	930.0	0.05178198392099766	0.058871937709691714
MED160	PHYSICS23	0.15279503105590062	805.0	1204.0	0.05095904285623853	0.0762170032284611
CS109	CS142	0.1523203592814371	2672.0	1238.0	0.16914604038741532	0.07836931062860036
UAR56	ECON1	0.15191462649089768	1593.0	3028.0	0.10084193201240742	0.19168196493005002
MATH52	<END>	0.15186028853454822	1317.0	15797.0	0.08337026017598279	1.0
PHYSICS21	BIO44X	0.15175438596491228	1140.0	1064.0	0.07216560106349307	0.06735456099259353
CHEM36	STATS60	0.15170278637770898	969.0	3270.0	0.06134076090396911	0.2070013293663354
PHYSICS45	CS106A	0.1516164994425864	1794.0	7270.0	0.11356586693676014	0.4602139646768374
BIO44X	PHYSICS22	0.1513157894736842	1064.0	987.0	0.06735456099259353	0.062480217762866365
ENGR40	CS161	0.15089820359281436	835.0	1990.0	0.052858137621067294	0.12597328606697475
CME102	CS106A	0.15065653075328264	1447.0	7270.0	0.09159967082357409	0.4602139646768374
CHEM130	BIO44X	0.15063091482649843	1268.0	1064.0	0.08026840539342914	0.06735456099259353
BIO42	PHYSICS43	0.1505016722408027	1196.0	3030.0	0.0757105779578401	0.19180857124770526
BIO44X	PHYSICS21	0.14943609022556392	1064.0	1140.0	0.06735456099259353	0.07216560106349307
MED160	PHYSICS24	0.14906832298136646	805.0	955.0	0.05095904285623853	0.060454516680382354
PHYSICS46	PHYSICS43	0.14883148831488316	813.0	3030.0	0.05146546812685953	0.19180857124770526
PHYSICS41	CS107	0.14856136230182032	3406.0	3393.0	0.21561055896689243	0.21478761790213333
ENGR40	ME203	0.14850299401197606	835.0	1017.0	0.052858137621067294	0.06437931252769513
CS103	<END>	0.14793612533895753	3319.0	15797.0	0.21010318414888904	1.0
MS&E472	CS106A	0.1478999106344951	2238.0	7270.0	0.14167246945622586	0.4602139646768374
PHYSICS46	<END>	0.14760147601476015	813.0	15797.0	0.05146546812685953	1.0
PHYSICS45	ME101	0.14715719063545152	1794.0	1336.0	0.11356586693676014	0.08457302019370766
MS&E472	CS103	0.14700625558534405	2238.0	3319.0	0.14167246945622586	0.21010318414888904
MATH20	<END>	0.14697236919459142	1701.0	15797.0	0.10767867316579097	1.0
ME101	ME110	0.1467065868263473	1336.0	1037.0	0.08457302019370766	0.06564537570424764
MATH41	HUMBIO2A	0.1461187214611872	876.0	1548.0	0.05545356713299994	0.09799328986516427
MATH51	PHYSICS41	0.1460872984663783	5086.0	3406.0	0.3219598657973033	0.21561055896689243
PSYCH50	PSYCH45	0.14603481624758222	1034.0	891.0	0.06545546622776477	0.05640311451541432
UAR56	HUMBIO2A	0.14563716258631512	1593.0	1548.0	0.10084193201240742	0.09799328986516427
ME110	ME101	0.14561234329797493	1037.0	1336.0	0.06564537570424764	0.08457302019370766
BIO42	PHYSICS22	0.1454849498327759	1196.0	987.0	0.0757105779578401	0.062480217762866365
PHYSICS45	CS106B	0.1454849498327759	1794.0	5006.0	0.11356586693676014	0.31689561309109326
PHYSICS45	ME203	0.1454849498327759	1794.0	1017.0	0.11356586693676014	0.06437931252769513
ENGR30	ENGR14	0.1452581032412965	833.0	1453.0	0.052731531303412044	0.09197948977653984
ECON102A	<END>	0.144745122718691	1589.0	15797.0	0.10058871937709692	1.0
MATH51	PHYSICS43	0.14471097129374755	5086.0	3030.0	0.3219598657973033	0.19180857124770526
BIO42	PHYSICS21	0.14464882943143811	1196.0	1140.0	0.0757105779578401	0.07216560106349307
MATH51	CHEM33	0.14451435312622887	5086.0	3118.0	0.3219598657973033	0.1973792492245363
CS106B	CS110	0.14382740711146624	5006.0	1927.0	0.31689561309109326	0.12198518706083433
POLISCI1	STATS60	0.1437908496732026	918.0	3270.0	0.05811229980376021	0.2070013293663354
PHYSICS45	ME103D	0.14325529542920848	1794.0	960.0	0.11356586693676014	0.06077103247452048
CS108	CS221	0.14316012725344646	943.0	1062.0	0.059694878774450844	0.06722795467493828
MATH53	PHYSICS43	0.1430939226519337	1810.0	3030.0	0.11457871747800215	0.19180857124770526
CS1C	PSYCH1	0.14294117647058824	1700.0	3600.0	0.10761537000696335	0.2278913717794518
MATH20	HUMBIO3A	0.14285714285714285	1701.0	1369.0	0.10767867316579097	0.0866620244350193
ME110	PHYSICS45	0.14271938283510124	1037.0	1794.0	0.06564537570424764	0.11356586693676014
ENGR40	ME103D	0.14251497005988023	835.0	960.0	0.052858137621067294	0.06077103247452048
CS181W	CS142	0.14193548387096774	930.0	1238.0	0.058871937709691714	0.07836931062860036
PHYSICS43	ENGR14	0.1419141914191419	3030.0	1453.0	0.19180857124770526	0.09197948977653984
UAR56	CS106B	0.1418706842435656	1593.0	5006.0	0.10084193201240742	0.31689561309109326
MATH41	HUMBIO2B	0.1415525114155251	876.0	1520.0	0.05545356713299994	0.09622080141799076
PHYSICS41	CS103	0.14151497357604229	3406.0	3319.0	0.21561055896689243	0.21010318414888904
ME101	PHYSICS45	0.14146706586826346	1336.0	1794.0	0.08457302019370766	0.11356586693676014
UAR56	HUMBIO2B	0.14124293785310735	1593.0	1520.0	0.10084193201240742	0.09622080141799076
HUMBIO3B	HUMBIO197	0.14116777531411678	1353.0	886.0	0.0856491738937773	0.05608659872127619
CHEM31A	PHYSICS41	0.1409813407049067	2894.0	3406.0	0.18319934164714818	0.21561055896689243
ECON1A	CS106B	0.14089775561097256	1604.0	5006.0	0.1015382667595113	0.31689561309109326
CS106A	MATH51	0.14085281980742778	7270.0	5086.0	0.4602139646768374	0.3219598657973033
MATH20	HUMBIO3B	0.1405055849500294	1701.0	1353.0	0.10767867316579097	0.0856491738937773
BIO41	PHYSICS43	0.14048991354466858	1388.0	3030.0	0.08786478445274419	0.19180857124770526
PHYSICS44	BIO41	0.1404494382022472	890.0	1388.0	0.056339811356586694	0.08786478445274419
CS2C	CS106B	0.14037122969837587	862.0	5006.0	0.05456732290941318	0.31689561309109326
PHYSICS21	CHEM130	0.14035087719298245	1140.0	1268.0	0.07216560106349307	0.08026840539342914
PHYSICS44	CS106A	0.1393258426966292	890.0	7270.0	0.056339811356586694	0.4602139646768374
CS161	CS145	0.13919597989949747	1990.0	818.0	0.12597328606697475	0.05178198392099766
ECON1	<END>	0.13903566710700133	3028.0	15797.0	0.19168196493005002	1.0
MATH21	HUMBIO2A	0.13900796080832822	1633.0	1548.0	0.10337405836551244	0.09799328986516427
CS142	CS109	0.13893376413570274	1238.0	2672.0	0.07836931062860036	0.16914604038741532
CHEM135	HUMBIO197	0.13863404689092762	981.0	886.0	0.06210039880990061	0.05608659872127619
MATH42	CME100	0.13811659192825113	1115.0	2153.0	0.07058302209280243	0.1362917009558777
CS147	CS108	0.13793103448275862	870.0	943.0	0.05507374818003418	0.059694878774450844
ENGR40	ME80	0.1377245508982036	835.0	935.0	0.052858137621067294	0.05918845350382984
HUMBIO4A	<END>	0.13746223564954682	1324.0	15797.0	0.08381338228777616	1.0
HUMBIO4B	STATS60	0.13702848344880678	1299.0	3270.0	0.08223080331708552	0.2070013293663354
CME100	PHYSICS45	0.13701811425917323	2153.0	1794.0	0.1362917009558777	0.11356586693676014
CS108	CS181W	0.13679745493107104	943.0	930.0	0.059694878774450844	0.058871937709691714
<BEGIN>	CHEM31B	0.13667151990884346	15797.0	2540.0	1.0	0.16079002342216878
HUMBIO3A	HUMBIO197	0.13659605551497445	1369.0	886.0	0.0866620244350193	0.05608659872127619
CHEM135	PHYSICS24	0.1365953109072375	981.0	955.0	0.06210039880990061	0.060454516680382354
PHYSICS46	PHYSICS42	0.13653136531365315	813.0	1162.0	0.05146546812685953	0.07355827055770083
CHEM130	PHYSICS43	0.13643533123028392	1268.0	3030.0	0.08026840539342914	0.19180857124770526
CHEM35	PHYSICS43	0.13623326959847037	2092.0	3030.0	0.13243020826739255	0.19180857124770526
UAR56	PHYSICS41	0.13559322033898305	1593.0	3406.0	0.10084193201240742	0.21561055896689243
MED160	BIO44X	0.13540372670807455	805.0	1064.0	0.05095904285623853	0.06735456099259353
CS109	CS145	0.13510479041916168	2672.0	818.0	0.16914604038741532	0.05178198392099766
ENGR14	<END>	0.1348933241569167	1453.0	15797.0	0.09197948977653984	1.0
CS106A	PHYSICS41	0.13480055020632736	7270.0	3406.0	0.4602139646768374	0.21561055896689243
CHEM35	MED160	0.13479923518164436	2092.0	805.0	0.13243020826739255	0.05095904285623853
MATH21	HUMBIO2B	0.13472137170851195	1633.0	1520.0	0.10337405836551244	0.09622080141799076
MATH42	HUMBIO2A	0.13452914798206278	1115.0	1548.0	0.07058302209280243	0.09799328986516427
MATH42	PHYSICS43	0.13452914798206278	1115.0	3030.0	0.07058302209280243	0.19180857124770526
HUMBIO4A	STATS60	0.13444108761329304	1324.0	3270.0	0.08381338228777616	0.2070013293663354
BIO44X	HUMBIO197	0.13439849624060152	1064.0	886.0	0.06735456099259353	0.05608659872127619
ENGR40	CS110	0.1341317365269461	835.0	1927.0	0.052858137621067294	0.12198518706083433
CS110	CS181W	0.13388687078360145	1927.0	930.0	0.12198518706083433	0.058871937709691714
CS124	CS145	0.1338432122370937	1046.0	818.0	0.06621510413369627	0.05178198392099766
PHYSICS45	<END>	0.13377926421404682	1794.0	15797.0	0.11356586693676014	1.0
ENGR14	PHYSICS43	0.13351686166551963	1453.0	3030.0	0.09197948977653984	0.19180857124770526
CS110	CS108	0.1333679294239751	1927.0	943.0	0.12198518706083433	0.059694878774450844
CME100	ENGR14	0.13330236878773805	2153.0	1453.0	0.1362917009558777	0.09197948977653984
ENGR40	CS109	0.13293413173652693	835.0	2672.0	0.052858137621067294	0.16914604038741532
MED160	HUMBIO4B	0.13291925465838508	805.0	1299.0	0.05095904285623853	0.08223080331708552
PHYSICS46	PHYSICS44	0.13284132841328414	813.0	890.0	0.05146546812685953	0.056339811356586694
CS221	CS110	0.1327683615819209	1062.0	1927.0	0.06722795467493828	0.12198518706083433
CME102	<END>	0.1326883206634416	1447.0	15797.0	0.09159967082357409	1.0
CME102	CHEM35	0.1326883206634416	1447.0	2092.0	0.09159967082357409	0.13243020826739255
PHYSICS44	BIO42	0.13258426966292136	890.0	1196.0	0.056339811356586694	0.0757105779578401
CS1C	ECON1	0.1323529411764706	1700.0	3028.0	0.10761537000696335	0.19168196493005002
CS181W	CS110	0.13225806451612904	930.0	1927.0	0.058871937709691714	0.12198518706083433
CHEM31X	PHYSICS42	0.13189448441247004	1251.0	1162.0	0.0791922516933595	0.07355827055770083
MATH19	PSYC135	0.13166779203241052	1481.0	2621.0	0.09375197822371337	0.16591757928720643
HUMBIO4B	<END>	0.13163972286374134	1299.0	15797.0	0.08223080331708552	1.0
CHEM135	PHYSICS23	0.13149847094801223	981.0	1204.0	0.06210039880990061	0.0762170032284611
CS107	CS221	0.13144709696433834	3393.0	1062.0	0.21478761790213333	0.06722795467493828
MATH42	BIO41	0.13094170403587443	1115.0	1388.0	0.07058302209280243	0.08786478445274419
PHYSICS43	CS103	0.1306930693069307	3030.0	3319.0	0.19180857124770526	0.21010318414888904
CS106A	PHYSICS43	0.13067400275103164	7270.0	3030.0	0.4602139646768374	0.19180857124770526
PHYSICS41	<END>	0.13065179095713447	3406.0	15797.0	0.21561055896689243	1.0
BIO44X	CHEM131	0.13063909774436092	1064.0	1442.0	0.06735456099259353	0.09128315502943597
CS1C	MATH20	0.13058823529411764	1700.0	1701.0	0.10761537000696335	0.10767867316579097
MATH21	HUMBIO3A	0.13043478260869565	1633.0	1369.0	0.10337405836551244	0.0866620244350193
MED160	HUMBIO4A	0.13043478260869565	805.0	1324.0	0.05095904285623853	0.08381338228777616
PHYSICS44	CS106B	0.1303370786516854	890.0	5006.0	0.056339811356586694	0.31689561309109326
CS106A	<END>	0.13012379642365887	7270.0	15797.0	0.4602139646768374	1.0
MATH42	HUMBIO2B	0.13004484304932734	1115.0	1520.0	0.07058302209280243	0.09622080141799076
<BEGIN>	PHYSICS41	0.13002468823194277	15797.0	3406.0	1.0	0.21561055896689243
PHYSICS24	STATS60	0.12984293193717278	955.0	3270.0	0.060454516680382354	0.2070013293663354
BIO41	CS106A	0.12968299711815562	1388.0	7270.0	0.08786478445274419	0.4602139646768374
CHEM33	CHEM130	0.12957023733162285	3118.0	1268.0	0.1973792492245363	0.08026840539342914
PHYSICS46	BIO42	0.12915129151291513	813.0	1196.0	0.05146546812685953	0.0757105779578401
MS&E472	MATH51	0.1291331546023235	2238.0	5086.0	0.14167246945622586	0.3219598657973033
MATH53	CS109	0.1287292817679558	1810.0	2672.0	0.11457871747800215	0.16914604038741532
CS161	CS181W	0.12864321608040202	1990.0	930.0	0.12597328606697475	0.058871937709691714
BIO42	CHEM36	0.12792642140468227	1196.0	969.0	0.0757105779578401	0.06134076090396911
MATH51	CS109	0.12780180888714118	5086.0	2672.0	0.3219598657973033	0.16914604038741532
PHYSICS24	CHEM130	0.12774869109947645	955.0	1268.0	0.060454516680382354	0.08026840539342914
BIO41	PHYSICS22	0.12752161383285301	1388.0	987.0	0.08786478445274419	0.062480217762866365
PHYSICS43	PHYSICS46	0.12739273927392739	3030.0	813.0	0.19180857124770526	0.05146546812685953
CME102	CS109	0.1271596406357982	1447.0	2672.0	0.09159967082357409	0.16914604038741532
CS124	CS110	0.12715105162523901	1046.0	1927.0	0.06621510413369627	0.12198518706083433
CHEM31X	CS103	0.12709832134292565	1251.0	3319.0	0.0791922516933595	0.21010318414888904
MATH21	HUMBIO3B	0.1267605633802817	1633.0	1353.0	0.10337405836551244	0.0856491738937773
CS1C	PHYSICS43	0.1264705882352941	1700.0	3030.0	0.10761537000696335	0.19180857124770526
PSYCH80	PSYCH45	0.12629161882893225	871.0	891.0	0.055137051338861806	0.05640311451541432
BIO42	CHEM131	0.1262541806020067	1196.0	1442.0	0.0757105779578401	0.09128315502943597
<BEGIN>	ECON1	0.12622649870228525	15797.0	3028.0	1.0	0.19168196493005002
CS161	CS142	0.12613065326633166	1990.0	1238.0	0.12597328606697475	0.07836931062860036
<BEGIN>	PSYCH1	0.12609989238462999	15797.0	3600.0	1.0	0.2278913717794518
BIO41	PHYSICS21	0.1260806916426513	1388.0	1140.0	0.08786478445274419	0.07216560106349307
STS1	MS&E180	0.12599318955732122	881.0	1010.0	0.055770082927138066	0.06393619041590175
PHYSICS44	CHEM35	0.1258426966292135	890.0	2092.0	0.056339811356586694	0.13243020826739255
PHYSICS42	BIO41	0.12564543889845095	1162.0	1388.0	0.07355827055770083	0.08786478445274419
MATH42	CS103	0.12556053811659193	1115.0	3319.0	0.07058302209280243	0.21010318414888904
PSYCH1	<END>	0.12555555555555556	3600.0	15797.0	0.2278913717794518	1.0
ECON50	<END>	0.12546517809675706	1881.0	15797.0	0.11907324175476357	1.0
CS103	CS108	0.1253389575173245	3319.0	943.0	0.21010318414888904	0.059694878774450844
CHEM35	PHYSICS41	0.12523900573613767	2092.0	3406.0	0.13243020826739255	0.21561055896689243
CHEM36	PHYSICS41	0.12487100103199174	969.0	3406.0	0.06134076090396911	0.21561055896689243
MATH53	CS106A	0.12486187845303867	1810.0	7270.0	0.11457871747800215	0.4602139646768374
MATH51	CHEM35	0.12465591820684231	5086.0	2092.0	0.3219598657973033	0.13243020826739255
MATH21	CHEM35	0.12431108389467238	1633.0	2092.0	0.10337405836551244	0.13243020826739255
CHEM131	STATS60	0.12413314840499307	1442.0	3270.0	0.09128315502943597	0.2070013293663354
CHEM31A	PSYCH1	0.1240497581202488	2894.0	3600.0	0.18319934164714818	0.2278913717794518
PSYCH30	PSYCH45	0.12392241379310345	928.0	891.0	0.058745331392036464	0.05640311451541432
BIO42	PHYSICS45	0.12374581939799331	1196.0	1794.0	0.0757105779578401	0.11356586693676014
PHYSICS22	HUMBIO197	0.12360688956433637	987.0	886.0	0.062480217762866365	0.05608659872127619
HUMBIO3B	CHEM36	0.12342941611234294	1353.0	969.0	0.0856491738937773	0.06134076090396911
CHEM31B	<END>	0.12322834645669291	2540.0	15797.0	0.16079002342216878	1.0
CHEM33	CS106B	0.12315586914688903	3118.0	5006.0	0.1973792492245363	0.31689561309109326
CHEM31X	HUMBIO2A	0.12310151878497202	1251.0	1548.0	0.0791922516933595	0.09799328986516427
MED160	CHEM131	0.12298136645962733	805.0	1442.0	0.05095904285623853	0.09128315502943597
CS2C	CS107	0.12296983758700696	862.0	3393.0	0.05456732290941318	0.21478761790213333
MATH51	ECON102A	0.12288635469917421	5086.0	1589.0	0.3219598657973033	0.10058871937709692
MATH42	ECON50	0.12286995515695068	1115.0	1881.0	0.07058302209280243	0.11907324175476357
ENGR40M	CS161	0.12277580071174377	1124.0	1990.0	0.07115275052225106	0.12597328606697475
CS107	CS124	0.12231063955201886	3393.0	1046.0	0.21478761790213333	0.06621510413369627
CS145	CS109	0.12224938875305623	818.0	2672.0	0.05178198392099766	0.16914604038741532
MATH53	<END>	0.12209944751381216	1810.0	15797.0	0.11457871747800215	1.0
CHEM36	CS106A	0.1217750257997936	969.0	7270.0	0.06134076090396911	0.4602139646768374
CS221	CS142	0.12146892655367232	1062.0	1238.0	0.06722795467493828	0.07836931062860036
PHYSICS43	CS109	0.12145214521452145	3030.0	2672.0	0.19180857124770526	0.16914604038741532
HUMBIO3A	CHEM36	0.1212563915266618	1369.0	969.0	0.0866620244350193	0.06134076090396911
BIO44X	MED160	0.1212406015037594	1064.0	805.0	0.06735456099259353	0.05095904285623853
HUMBIO3B	CHEM135	0.12121212121212122	1353.0	981.0	0.0856491738937773	0.06210039880990061
MATH41	CME100	0.12100456621004566	876.0	2153.0	0.05545356713299994	0.1362917009558777
POLISCI1	CS106A	0.12091503267973856	918.0	7270.0	0.05811229980376021	0.4602139646768374
CHEM33	PHYSICS43	0.1209108402822322	3118.0	3030.0	0.1973792492245363	0.19180857124770526
MS&E472	ECON50	0.12064343163538874	2238.0	1881.0	0.14167246945622586	0.11907324175476357
PHYSICS43	CS106B	0.12046204620462046	3030.0	5006.0	0.19180857124770526	0.31689561309109326
EARTHSYS10	CS106A	0.12008281573498965	966.0	7270.0	0.06115085142748623	0.4602139646768374
CS145	CS110	0.1198044009779951	818.0	1927.0	0.05178198392099766	0.12198518706083433
CHEM36	PHYSICS43	0.1197110423116615	969.0	3030.0	0.06134076090396911	0.19180857124770526
ECON50	CS106B	0.11961722488038277	1881.0	5006.0	0.11907324175476357	0.31689561309109326
CHEM31X	HUMBIO2B	0.11910471622701839	1251.0	1520.0	0.0791922516933595	0.09622080141799076
CS1C	CS107	0.1188235294117647	1700.0	3393.0	0.10761537000696335	0.21478761790213333
CHEM33	PHYSICS41	0.11866581141757537	3118.0	3406.0	0.1973792492245363	0.21561055896689243
ENGR40	CS107	0.118562874251497	835.0	3393.0	0.052858137621067294	0.21478761790213333
ECON1	CS107	0.11856010568031704	3028.0	3393.0	0.19168196493005002	0.21478761790213333
HUMBIO3A	CHEM135	0.1183345507669832	1369.0	981.0	0.0866620244350193	0.06210039880990061
ENGR40M	CS107	0.11832740213523131	1124.0	3393.0	0.07115275052225106	0.21478761790213333
PHYSICS24	HUMBIO197	0.11832460732984293	955.0	886.0	0.060454516680382354	0.05608659872127619
MATH21	PHYSICS41	0.11818738518064911	1633.0	3406.0	0.10337405836551244	0.21561055896689243
CME102	ENGR30	0.11817553559087768	1447.0	833.0	0.09159967082357409	0.052731531303412044
CME102	ENGR40M	0.11817553559087768	1447.0	1124.0	0.09159967082357409	0.07115275052225106
CS103	CS124	0.11810786381440193	3319.0	1046.0	0.21010318414888904	0.06621510413369627
BIO42	PHYSICS44	0.11789297658862877	1196.0	890.0	0.0757105779578401	0.056339811356586694
ECON1A	STATS60	0.11783042394014963	1604.0	3270.0	0.1015382667595113	0.2070013293663354
PSYCH1	STATS60	0.11777777777777777	3600.0	3270.0	0.2278913717794518	0.2070013293663354
CS108	CS147	0.11770943796394485	943.0	870.0	0.059694878774450844	0.05507374818003418
CHEM36	MED160	0.11764705882352941	969.0	805.0	0.06134076090396911	0.05095904285623853
MATH21	CS106B	0.11757501530924679	1633.0	5006.0	0.10337405836551244	0.31689561309109326
MATH21	HUMBIO4A	0.11757501530924679	1633.0	1324.0	0.10337405836551244	0.08381338228777616
PSYCH30	PSYCH80	0.11745689655172414	928.0	871.0	0.058745331392036464	0.055137051338861806
ENGR40M	CS103	0.11743772241992882	1124.0	3319.0	0.07115275052225106	0.21010318414888904
BIO42	CS106A	0.11705685618729098	1196.0	7270.0	0.0757105779578401	0.4602139646768374
PHYSICS42	MATH53	0.11703958691910499	1162.0	1810.0	0.07355827055770083	0.11457871747800215
ENGR40M	CS110	0.11654804270462633	1124.0	1927.0	0.07115275052225106	0.12198518706083433
CS105	STATS60	0.11653116531165311	1476.0	3270.0	0.09343546242957523	0.2070013293663354
MATH21	HUMBIO4B	0.11635027556644213	1633.0	1299.0	0.10337405836551244	0.08223080331708552
PHYSICS42	CS107	0.11617900172117039	1162.0	3393.0	0.07355827055770083	0.21478761790213333
PHYSICS43	CS106A	0.11617161716171617	3030.0	7270.0	0.19180857124770526	0.4602139646768374
SPANLANG3	CS106A	0.11597938144329897	1552.0	7270.0	0.09824650250047477	0.4602139646768374
HUMBIO3A	<END>	0.1154127100073046	1369.0	15797.0	0.0866620244350193	1.0
ECON1B	MATH51	0.11534154535274356	893.0	5086.0	0.05652972083306957	0.3219598657973033
MATH41	BIO41	0.11529680365296803	876.0	1388.0	0.05545356713299994	0.08786478445274419
MATH42	CS107	0.1147982062780269	1115.0	3393.0	0.07058302209280243	0.21478761790213333
PHYSICS44	ENGR14	0.1146067415730337	890.0	1453.0	0.056339811356586694	0.09197948977653984
PHYSICS22	STATS60	0.11448834853090173	987.0	3270.0	0.062480217762866365	0.2070013293663354
HUMBIO2B	BIO44X	0.11447368421052631	1520.0	1064.0	0.09622080141799076	0.06735456099259353
CS1C	MATH21	0.11411764705882353	1700.0	1633.0	0.10761537000696335	0.10337405836551244
CS181W	CS145	0.11397849462365592	930.0	818.0	0.058871937709691714	0.05178198392099766
HUMBIO4B	BIO44X	0.11393379522709776	1299.0	1064.0	0.08223080331708552	0.06735456099259353
CHEM31X	MATH53	0.1135091926458833	1251.0	1810.0	0.0791922516933595	0.11457871747800215
ECON1A	MATH53	0.11346633416458853	1604.0	1810.0	0.1015382667595113	0.11457871747800215
PHYSICS43	CS107	0.1132013201320132	3030.0	3393.0	0.19180857124770526	0.21478761790213333
PHYSICS46	PHYSICS41	0.11316113161131611	813.0	3406.0	0.05146546812685953	0.21561055896689243
BIO41	PHYSICS45	0.11311239193083573	1388.0	1794.0	0.08786478445274419	0.11356586693676014
CS142	CS181W	0.11308562197092084	1238.0	930.0	0.07836931062860036	0.058871937709691714
UAR56	STATS60	0.11299435028248588	1593.0	3270.0	0.10084193201240742	0.2070013293663354
CHEM31B	PHYSICS41	0.11299212598425197	2540.0	3406.0	0.16079002342216878	0.21561055896689243
BIO42	STATS60	0.112876254180602	1196.0	3270.0	0.0757105779578401	0.2070013293663354
CS106B	PHYSICS43	0.11286456252497004	5006.0	3030.0	0.31689561309109326	0.19180857124770526
ME110	PHYSICS41	0.1128254580520733	1037.0	3406.0	0.06564537570424764	0.21561055896689243
PHYSICS42	CS103	0.11273666092943202	1162.0	3319.0	0.07355827055770083	0.21010318414888904
CS109	CS103	0.1126497005988024	2672.0	3319.0	0.16914604038741532	0.21010318414888904
ECON50	MS&E180	0.11217437533227007	1881.0	1010.0	0.11907324175476357	0.06393619041590175
HUMBIO4A	BIO44X	0.11178247734138973	1324.0	1064.0	0.08381338228777616	0.06735456099259353
SPANLANG2	CS106A	0.11171662125340599	1101.0	7270.0	0.06969677786921567	0.4602139646768374
ENGR30	PHYSICS43	0.11164465786314526	833.0	3030.0	0.052731531303412044	0.19180857124770526
HUMBIO4B	CHEM130	0.11162432640492687	1299.0	1268.0	0.08223080331708552	0.08026840539342914
PHYSICS41	CHEM33	0.11156782149148561	3406.0	3118.0	0.21561055896689243	0.1973792492245363
CS145	CS108	0.11124694376528117	818.0	943.0	0.05178198392099766	0.059694878774450844
PHYSICS44	CHEM131	0.11123595505617978	890.0	1442.0	0.056339811356586694	0.09128315502943597
CHEM31X	PHYSICS45	0.1111111111111111	1251.0	1794.0	0.0791922516933595	0.11356586693676014
CME100	CHEM35	0.1110078959591268	2153.0	2092.0	0.1362917009558777	0.13243020826739255
ME101	PHYSICS41	0.11077844311377245	1336.0	3406.0	0.08457302019370766	0.21561055896689243
PHYSICS46	ENGR14	0.11070110701107011	813.0	1453.0	0.05146546812685953	0.09197948977653984
PHYSICS46	ENGR30	0.11070110701107011	813.0	833.0	0.05146546812685953	0.052731531303412044
CHEM31B	CS106B	0.11062992125984251	2540.0	5006.0	0.16079002342216878	0.31689561309109326
PHYSICS21	HUMBIO197	0.11052631578947368	1140.0	886.0	0.07216560106349307	0.05608659872127619
HUMBIO2A	BIO44X	0.11046511627906977	1548.0	1064.0	0.09799328986516427	0.06735456099259353
CHEM31X	CHEM131	0.11031175059952038	1251.0	1442.0	0.0791922516933595	0.09128315502943597
CHEM131	MED160	0.11026352288488211	1442.0	805.0	0.09128315502943597	0.05095904285623853
ME101	ENGR30	0.11002994011976049	1336.0	833.0	0.08457302019370766	0.052731531303412044
ECON1	CS103	0.1096433289299868	3028.0	3319.0	0.19168196493005002	0.21010318414888904
CHEM35	CS106A	0.10946462715105162	2092.0	7270.0	0.13243020826739255	0.4602139646768374
MATH42	HUMBIO3A	0.10941704035874439	1115.0	1369.0	0.07058302209280243	0.0866620244350193
MATH20	CHEM35	0.10934744268077601	1701.0	2092.0	0.10767867316579097	0.13243020826739255
MATH52	CS106A	0.10933940774487472	1317.0	7270.0	0.08337026017598279	0.4602139646768374
MATH52	CS110	0.10933940774487472	1317.0	1927.0	0.08337026017598279	0.12198518706083433
PHYSICS42	BIO42	0.10929432013769363	1162.0	1196.0	0.07355827055770083	0.0757105779578401
PSYCH50	PSYCH70	0.109284332688588	1034.0	1227.0	0.06545546622776477	0.07767297588149649
CHEM35	BIO41	0.1089866156787763	2092.0	1388.0	0.13243020826739255	0.08786478445274419
ME110	CS106A	0.10896817743490839	1037.0	7270.0	0.06564537570424764	0.4602139646768374
CHEM131	CS106A	0.108876560332871	1442.0	7270.0	0.09128315502943597	0.4602139646768374
HUMBIO3A	BIO44X	0.10883856829802775	1369.0	1064.0	0.0866620244350193	0.06735456099259353
HUMBIO4A	CHEM130	0.10876132930513595	1324.0	1268.0	0.08381338228777616	0.08026840539342914
BIO42	BIO44X	0.10869565217391304	1196.0	1064.0	0.0757105779578401	0.06735456099259353
HUMBIO3B	BIO44X	0.10864745011086474	1353.0	1064.0	0.0856491738937773	0.06735456099259353
MATH19	ECON1	0.10803511141120864	1481.0	3028.0	0.09375197822371337	0.19168196493005002
CHEM31X	CS107	0.1079136690647482	1251.0	3393.0	0.0791922516933595	0.21478761790213333
CHEM31A	CS106B	0.1078092605390463	2894.0	5006.0	0.18319934164714818	0.31689561309109326
PSYCH30	PSYCH70	0.10775862068965517	928.0	1227.0	0.058745331392036464	0.07767297588149649
PSYCH45	PSYCH30	0.10774410774410774	891.0	928.0	0.05640311451541432	0.058745331392036464
MATH42	HUMBIO3B	0.10762331838565023	1115.0	1353.0	0.07058302209280243	0.0856491738937773
PHYSICS22	CHEM131	0.10739614994934144	987.0	1442.0	0.062480217762866365	0.09128315502943597
HUMBIO2B	CHEM36	0.10723684210526316	1520.0	969.0	0.09622080141799076	0.06134076090396911
PHYSICS23	CHEM130	0.10714285714285714	1204.0	1268.0	0.0762170032284611	0.08026840539342914
CME102	CHEM33	0.10711817553559087	1447.0	3118.0	0.09159967082357409	0.1973792492245363
CS2C	PSYCH1	0.10672853828306264	862.0	3600.0	0.05456732290941318	0.2278913717794518
EARTHSYS10	ECON1	0.10662525879917184	966.0	3028.0	0.06115085142748623	0.19168196493005002
CHEM130	BIO150	0.10646687697160884	1268.0	1197.0	0.08026840539342914	0.07577388111666772
HUMBIO3B	CHEM130	0.10643015521064302	1353.0	1268.0	0.0856491738937773	0.08026840539342914
CHEM31X	PSYCH1	0.10631494804156674	1251.0	3600.0	0.0791922516933595	0.2278913717794518
PHYSICS23	STATS60	0.10631229235880399	1204.0	3270.0	0.0762170032284611	0.2070013293663354
BIO44X	HUMBIO4B	0.106203007518797	1064.0	1299.0	0.06735456099259353	0.08223080331708552
PHYSICS24	CHEM135	0.10575916230366492	955.0	981.0	0.060454516680382354	0.06210039880990061
HUMBIO3B	<END>	0.10569105691056911	1353.0	15797.0	0.0856491738937773	1.0
CHEM130	HUMBIO197	0.1056782334384858	1268.0	886.0	0.08026840539342914	0.05608659872127619
CHEM130	STATS60	0.1056782334384858	1268.0	3270.0	0.08026840539342914	0.2070013293663354
ENGR30	ENGR40	0.1056422569027611	833.0	835.0	0.052731531303412044	0.052858137621067294
MATH52	CS161	0.10554290053151101	1317.0	1990.0	0.08337026017598279	0.12597328606697475
ENGR40	CS145	0.10538922155688622	835.0	818.0	0.052858137621067294	0.05178198392099766
ENGR14	ME110	0.10529938059187888	1453.0	1037.0	0.09197948977653984	0.06564537570424764
HUMBIO2A	CHEM36	0.10529715762273902	1548.0	969.0	0.09799328986516427	0.06134076090396911
PSYCH1	HUMBIO2A	0.10527777777777778	3600.0	1548.0	0.2278913717794518	0.09799328986516427
BIO44X	HUMBIO4A	0.10526315789473684	1064.0	1324.0	0.06735456099259353	0.08381338228777616
PHYSICS21	STATS60	0.10526315789473684	1140.0	3270.0	0.07216560106349307	0.2070013293663354
BIO41	CHEM36	0.10518731988472622	1388.0	969.0	0.08786478445274419	0.06134076090396911
CS145	CS221	0.10513447432762836	818.0	1062.0	0.05178198392099766	0.06722795467493828
MATH41	PSYCH1	0.1050228310502283	876.0	3600.0	0.05545356713299994	0.2278913717794518
PHYSICS41	PHYSICS46	0.10481503229594832	3406.0	813.0	0.21561055896689243	0.05146546812685953
ME101	<END>	0.10479041916167664	1336.0	15797.0	0.08457302019370766	1.0
ME101	CS106A	0.10479041916167664	1336.0	7270.0	0.08457302019370766	0.4602139646768374
BIO41	CS106B	0.10446685878962536	1388.0	5006.0	0.08786478445274419	0.31689561309109326
CS2C	CS103	0.10440835266821345	862.0	3319.0	0.05456732290941318	0.21010318414888904
CS107	CS147	0.10433244916003537	3393.0	870.0	0.21478761790213333	0.05507374818003418
CS181W	CS124	0.1043010752688172	930.0	1046.0	0.058871937709691714	0.06621510413369627
PSYCH1	MATH51	0.10416666666666667	3600.0	5086.0	0.2278913717794518	0.3219598657973033
MATH20	PHYSICS41	0.10405643738977072	1701.0	3406.0	0.10767867316579097	0.21561055896689243
HUMBIO197	STATS60	0.1038374717832957	886.0	3270.0	0.05608659872127619	0.2070013293663354
DANCE46	CS109	0.1038107752956636	1522.0	2672.0	0.09634740773564601	0.16914604038741532
CS110	CS103	0.10378827192527244	1927.0	3319.0	0.12198518706083433	0.21010318414888904
BIO41	MED160	0.1037463976945245	1388.0	805.0	0.08786478445274419	0.05095904285623853
MATH42	PSYCH1	0.1031390134529148	1115.0	3600.0	0.07058302209280243	0.2278913717794518
HUMBIO3A	CHEM130	0.10299488677867057	1369.0	1268.0	0.0866620244350193	0.08026840539342914
BIO42	BIO150	0.1028428093645485	1196.0	1197.0	0.0757105779578401	0.07577388111666772
PSYCH1	HUMBIO2B	0.10277777777777777	3600.0	1520.0	0.2278913717794518	0.09622080141799076
CHEM33	<END>	0.10262989095574086	3118.0	15797.0	0.1973792492245363	1.0
EARTHSYS10	MATH51	0.10248447204968944	966.0	5086.0	0.06115085142748623	0.3219598657973033
CS1C	CHEM35	0.10235294117647059	1700.0	2092.0	0.10761537000696335	0.13243020826739255
CS1C	CS103	0.10235294117647059	1700.0	3319.0	0.10761537000696335	0.21010318414888904
CS147	CS181W	0.10229885057471265	870.0	930.0	0.05507374818003418	0.058871937709691714
CS124	CS181W	0.1022944550669216	1046.0	930.0	0.06621510413369627	0.058871937709691714
CS181W	CS108	0.10215053763440861	930.0	943.0	0.058871937709691714	0.059694878774450844
HUMBIO3B	STATS60	0.10199556541019955	1353.0	3270.0	0.0856491738937773	0.2070013293663354
ECON102A	CS106A	0.10195091252359975	1589.0	7270.0	0.10058871937709692	0.4602139646768374
CHEM31A	PHYSICS43	0.1019350380096752	2894.0	3030.0	0.18319934164714818	0.19180857124770526
DANCE46	CS107	0.10183968462549277	1522.0	3393.0	0.09634740773564601	0.21478761790213333
CS103	CS145	0.10183790298282615	3319.0	818.0	0.21010318414888904	0.05178198392099766
ENGR40	CS142	0.10179640718562874	835.0	1238.0	0.052858137621067294	0.07836931062860036
CS221	CS181W	0.1016949152542373	1062.0	930.0	0.06722795467493828	0.058871937709691714
CHEM33	BIO44X	0.10166773572803078	3118.0	1064.0	0.1973792492245363	0.06735456099259353
<BEGIN>	CS1C	0.10166487307716655	15797.0	1700.0	1.0	0.10761537000696335
MATH41	ECON1	0.10159817351598173	876.0	3028.0	0.05545356713299994	0.19168196493005002
PHYSICS22	CS106A	0.10131712259371833	987.0	7270.0	0.062480217762866365	0.4602139646768374
CS181W	CS147	0.1010752688172043	930.0	870.0	0.058871937709691714	0.05507374818003418
CHEM130	PHYSICS44	0.10094637223974763	1268.0	890.0	0.08026840539342914	0.056339811356586694
<BEGIN>	UAR56	0.10065202253592455	15797.0	1593.0	1.0	0.10084193201240742
MED160	HUMBIO197	0.10062111801242236	805.0	886.0	0.05095904285623853	0.05608659872127619
PSYCH50	PSYCH80	0.10058027079303675	1034.0	871.0	0.06545546622776477	0.055137051338861806
CHEM131	BIO42	0.10055478502080444	1442.0	1196.0	0.09128315502943597	0.0757105779578401
MATH20	PSYCH1	0.10052910052910052	1701.0	3600.0	0.10767867316579097	0.2278913717794518
MATH41	PHYSICS43	0.1004566210045662	876.0	3030.0	0.05545356713299994	0.19180857124770526
UAR56	SPANLANG3	0.10043942247332077	1593.0	1552.0	0.10084193201240742	0.09824650250047477
BIO42	MED160	0.10033444816053512	1196.0	805.0	0.0757105779578401	0.05095904285623853
PSYCH1	PSYC135	0.10027777777777777	3600.0	2621.0	0.2278913717794518	0.16591757928720643
BIO41	STATS60	0.10014409221902017	1388.0	3270.0	0.08786478445274419	0.2070013293663354
CHEM36	PHYSICS45	0.1001031991744066	969.0	1794.0	0.06134076090396911	0.11356586693676014
CS147	CS145	0.1	870.0	818.0	0.05507374818003418	0.05178198392099766
CS181W	CS221	0.1	930.0	1062.0	0.058871937709691714	0.06722795467493828
PHYSICS44	CHEM130	0.1	890.0	1268.0	0.056339811356586694	0.08026840539342914
CHEM135	PHYSICS22	0.0998980632008155	981.0	987.0	0.06210039880990061	0.062480217762866365
CME100	ENGR40M	0.09939619136089178	2153.0	1124.0	0.1362917009558777	0.07115275052225106
EARTHSYS10	PHYSICS41	0.09937888198757763	966.0	3406.0	0.06115085142748623	0.21561055896689243
HUMBIO2B	PSYCH1	0.0993421052631579	1520.0	3600.0	0.09622080141799076	0.2278913717794518
<BEGIN>	PHYSICS43	0.09932265620054441	15797.0	3030.0	1.0	0.19180857124770526
MS&E472	ECON1	0.09919571045576407	2238.0	3028.0	0.14167246945622586	0.19168196493005002
CHEM31X	PHYSICS44	0.0991207034372502	1251.0	890.0	0.0791922516933595	0.056339811356586694
CS105	CS106A	0.0989159891598916	1476.0	7270.0	0.09343546242957523	0.4602139646768374
CHEM135	MED160	0.09887869520897044	981.0	805.0	0.06210039880990061	0.05095904285623853
CS147	CS221	0.09885057471264368	870.0	1062.0	0.05507374818003418	0.06722795467493828
HUMBIO2A	PSYCH1	0.09883720930232558	1548.0	3600.0	0.09799328986516427	0.2278913717794518
MATH20	CME100	0.09876543209876543	1701.0	2153.0	0.10767867316579097	0.1362917009558777
HUMBIO2B	MED160	0.09868421052631579	1520.0	805.0	0.09622080141799076	0.05095904285623853
CHEM130	PHYSICS21	0.09858044164037855	1268.0	1140.0	0.08026840539342914	0.07216560106349307
DANCE46	CS103	0.09855453350854139	1522.0	3319.0	0.09634740773564601	0.21010318414888904
CHEM131	PHYSICS41	0.09847434119278779	1442.0	3406.0	0.09128315502943597	0.21561055896689243
CS109	CS147	0.09842814371257486	2672.0	870.0	0.16914604038741532	0.05507374818003418
CHEM31B	PHYSICS43	0.0984251968503937	2540.0	3030.0	0.16079002342216878	0.19180857124770526
PHYSICS46	CS103	0.0984009840098401	813.0	3319.0	0.05146546812685953	0.21010318414888904
ECON51	MS&E180	0.09819324430479183	1273.0	1010.0	0.08058492118756726	0.06393619041590175
HUMBIO2A	MED160	0.09819121447028424	1548.0	805.0	0.09799328986516427	0.05095904285623853
MED160	STATS60	0.09813664596273292	805.0	3270.0	0.05095904285623853	0.2070013293663354
CME102	BIO41	0.09813407049067036	1447.0	1388.0	0.09159967082357409	0.08786478445274419
PHYSICS41	CS109	0.09806224310041103	3406.0	2672.0	0.21561055896689243	0.16914604038741532
BIO41	PHYSICS44	0.09798270893371758	1388.0	890.0	0.08786478445274419	0.056339811356586694
HUMBIO3A	STATS60	0.09788166544923302	1369.0	3270.0	0.0866620244350193	0.2070013293663354
BIO42	PHYSICS46	0.09782608695652174	1196.0	813.0	0.0757105779578401	0.05146546812685953
PHYSICS41	MATH53	0.09776864357017029	3406.0	1810.0	0.21561055896689243	0.11457871747800215
CS109	CS108	0.09767964071856287	2672.0	943.0	0.16914604038741532	0.059694878774450844
MATH20	CS106B	0.0975896531452087	1701.0	5006.0	0.10767867316579097	0.31689561309109326
<BEGIN>	CME100	0.09755016775337089	15797.0	2153.0	1.0	0.1362917009558777
CHEM35	CHEM135	0.09751434034416825	2092.0	981.0	0.13243020826739255	0.06210039880990061
PHYSICS41	ME101	0.09747504403992954	3406.0	1336.0	0.21561055896689243	0.08457302019370766
UAR56	CS2C	0.0973006905210295	1593.0	862.0	0.10084193201240742	0.05456732290941318
PHYSICS46	MATH53	0.0971709717097171	813.0	1810.0	0.05146546812685953	0.11457871747800215
PHYSICS43	ME101	0.09702970297029703	3030.0	1336.0	0.19180857124770526	0.08457302019370766
ENGR40	CS103	0.09700598802395209	835.0	3319.0	0.052858137621067294	0.21010318414888904
POLISCI1	ECON50	0.09694989106753812	918.0	1881.0	0.05811229980376021	0.11907324175476357
CS109	CS107	0.09693113772455089	2672.0	3393.0	0.16914604038741532	0.21478761790213333
CHEM135	PHYSICS21	0.09683995922528033	981.0	1140.0	0.06210039880990061	0.07216560106349307
MATH21	PHYSICS43	0.09675443968156766	1633.0	3030.0	0.10337405836551244	0.19180857124770526
CME102	CS110	0.0967519004837595	1447.0	1927.0	0.09159967082357409	0.12198518706083433
PSYCH50	BIO150	0.09671179883945841	1034.0	1197.0	0.06545546622776477	0.07577388111666772
STS1	PSYC135	0.09648127128263337	881.0	2621.0	0.055770082927138066	0.16591757928720643
ENGR14	CS106A	0.09635237439779766	1453.0	7270.0	0.09197948977653984	0.4602139646768374
CS2C	PSYC135	0.0962877030162413	862.0	2621.0	0.05456732290941318	0.16591757928720643
CHEM130	PHYSICS22	0.09621451104100946	1268.0	987.0	0.08026840539342914	0.062480217762866365
MATH53	CS110	0.09613259668508287	1810.0	1927.0	0.11457871747800215	0.12198518706083433
CHEM36	HUMBIO197	0.09597523219814241	969.0	886.0	0.06134076090396911	0.05608659872127619
MATH42	ECON102A	0.09596412556053811	1115.0	1589.0	0.07058302209280243	0.10058871937709692
MATH42	STATS60	0.09596412556053811	1115.0	3270.0	0.07058302209280243	0.2070013293663354
PHYSICS46	CHEM130	0.0959409594095941	813.0	1268.0	0.05146546812685953	0.08026840539342914
CS1C	HUMBIO2A	0.09588235294117647	1700.0	1548.0	0.10761537000696335	0.09799328986516427
POLISCI1	PSYC135	0.09586056644880174	918.0	2621.0	0.05811229980376021	0.16591757928720643
MATH52	PHYSICS45	0.09567198177676538	1317.0	1794.0	0.08337026017598279	0.11356586693676014
MATH53	CS161	0.09558011049723757	1810.0	1990.0	0.11457871747800215	0.12597328606697475
CS103	CS147	0.0955106959927689	3319.0	870.0	0.21010318414888904	0.05507374818003418
PHYSICS44	CS103	0.09550561797752809	890.0	3319.0	0.056339811356586694	0.21010318414888904
CME102	ME101	0.09536973047684866	1447.0	1336.0	0.09159967082357409	0.08457302019370766
PHYSICS45	CS107	0.09531772575250837	1794.0	3393.0	0.11356586693676014	0.21478761790213333
PSYCH80	PSYCH70	0.09529276693455797	871.0	1227.0	0.055137051338861806	0.07767297588149649
MATH42	CHEM131	0.09506726457399103	1115.0	1442.0	0.07058302209280243	0.09128315502943597
MATH42	ECON1	0.09506726457399103	1115.0	3028.0	0.07058302209280243	0.19168196493005002
CHEM36	BIO150	0.09494324045407637	969.0	1197.0	0.06134076090396911	0.07577388111666772
ME103D	STATS60	0.09479166666666666	960.0	3270.0	0.06077103247452048	0.2070013293663354
CME100	CS109	0.09475150952159778	2153.0	2672.0	0.1362917009558777	0.16914604038741532
PHYSICS23	HUMBIO197	0.0946843853820598	1204.0	886.0	0.0762170032284611	0.05608659872127619
CME102	BIO42	0.09467864547339323	1447.0	1196.0	0.09159967082357409	0.0757105779578401
CHEM130	CS106A	0.0946372239747634	1268.0	7270.0	0.08026840539342914	0.4602139646768374
BIO41	CHEM135	0.09438040345821326	1388.0	981.0	0.08786478445274419	0.06210039880990061
CHEM131	PHYSICS44	0.09431345353675451	1442.0	890.0	0.09128315502943597	0.056339811356586694
CHEM131	PHYSICS45	0.09431345353675451	1442.0	1794.0	0.09128315502943597	0.11356586693676014
EARTHSYS10	STATS60	0.09420289855072464	966.0	3270.0	0.06115085142748623	0.2070013293663354
ECON50	CS106A	0.09409888357256778	1881.0	7270.0	0.11907324175476357	0.4602139646768374
ECON1B	STATS60	0.0940649496080627	893.0	3270.0	0.05652972083306957	0.2070013293663354
CHEM36	BIO41	0.09391124871001032	969.0	1388.0	0.06134076090396911	0.08786478445274419
PHYSICS21	CHEM131	0.09385964912280702	1140.0	1442.0	0.07216560106349307	0.09128315502943597
PHYSICS43	CS110	0.09372937293729373	3030.0	1927.0	0.19180857124770526	0.12198518706083433
CHEM35	PHYSICS45	0.09369024856596558	2092.0	1794.0	0.13243020826739255	0.11356586693676014
ENGR30	<END>	0.0936374549819928	833.0	15797.0	0.052731531303412044	1.0
MATH41	CS103	0.09360730593607305	876.0	3319.0	0.05545356713299994	0.21010318414888904
MATH41	CS107	0.09360730593607305	876.0	3393.0	0.05545356713299994	0.21478761790213333
SPANLANG2	CS106B	0.09355131698455948	1101.0	5006.0	0.06969677786921567	0.31689561309109326
UAR56	PHYSICS43	0.09353421217827998	1593.0	3030.0	0.10084193201240742	0.19180857124770526
ME203	STATS60	0.09341199606686332	1017.0	3270.0	0.06437931252769513	0.2070013293663354
MS&E472	PHYSICS41	0.0933869526362824	2238.0	3406.0	0.14167246945622586	0.21561055896689243
PHYSICS21	CS106A	0.09298245614035087	1140.0	7270.0	0.07216560106349307	0.4602139646768374
CS110	CS147	0.09289050337311884	1927.0	870.0	0.12198518706083433	0.05507374818003418
ENGR40M	ME203	0.09252669039145907	1124.0	1017.0	0.07115275052225106	0.06437931252769513
CS181W	CS109	0.09247311827956989	930.0	2672.0	0.058871937709691714	0.16914604038741532
MATH21	CHEM33	0.09246785058175137	1633.0	3118.0	0.10337405836551244	0.1973792492245363
PHYSICS43	ENGR30	0.0924092409240924	3030.0	833.0	0.19180857124770526	0.052731531303412044
HUMBIO3B	PSYCH1	0.09238728750923873	1353.0	3600.0	0.0856491738937773	0.2278913717794518
CHEM130	MED160	0.09227129337539432	1268.0	805.0	0.08026840539342914	0.05095904285623853
ENGR40	CS106B	0.09221556886227544	835.0	5006.0	0.052858137621067294	0.31689561309109326
CHEM33	CS103	0.09204618345093009	3118.0	3319.0	0.1973792492245363	0.21010318414888904
CME100	ECON1	0.09196470041802136	2153.0	3028.0	0.1362917009558777	0.19168196493005002
CS1C	HUMBIO2B	0.09176470588235294	1700.0	1520.0	0.10761537000696335	0.09622080141799076
MATH53	PHYSICS45	0.09171270718232044	1810.0	1794.0	0.11457871747800215	0.11356586693676014
MATH51	BIO41	0.09162406606370428	5086.0	1388.0	0.3219598657973033	0.08786478445274419
CS106A	ECON1	0.09147180192572214	7270.0	3028.0	0.4602139646768374	0.19168196493005002
CS107	CS145	0.09136457412319482	3393.0	818.0	0.21478761790213333	0.05178198392099766
ENGR30	ENGR40M	0.09123649459783914	833.0	1124.0	0.052731531303412044	0.07115275052225106
PHYSICS42	ENGR30	0.09122203098106713	1162.0	833.0	0.07355827055770083	0.052731531303412044
PHYSICS46	CHEM135	0.0910209102091021	813.0	981.0	0.05146546812685953	0.06210039880990061
PHYSICS46	CS107	0.0910209102091021	813.0	3393.0	0.05146546812685953	0.21478761790213333
SPANLANG3	STATS60	0.09085051546391752	1552.0	3270.0	0.09824650250047477	0.2070013293663354
CHEM131	<END>	0.09084604715672677	1442.0	15797.0	0.09128315502943597	1.0
PSYC135	CS106A	0.09080503624570775	2621.0	7270.0	0.16591757928720643	0.4602139646768374
CS147	CS103	0.09080459770114943	870.0	3319.0	0.05507374818003418	0.21010318414888904
PSYCH80	PSYCH50	0.09070034443168772	871.0	1034.0	0.055137051338861806	0.06545546622776477
CHEM130	PHYSICS45	0.09069400630914827	1268.0	1794.0	0.08026840539342914	0.11356586693676014
ME103D	ME110	0.090625	960.0	1037.0	0.06077103247452048	0.06564537570424764
<BEGIN>	MATH20	0.09058682028233209	15797.0	1701.0	1.0	0.10767867316579097
MATH42	PHYSICS45	0.09058295964125561	1115.0	1794.0	0.07058302209280243	0.11356586693676014
ECON1	PSYC135	0.0904887714663144	3028.0	2621.0	0.19168196493005002	0.16591757928720643
CS2C	CHEM33	0.09048723897911833	862.0	3118.0	0.05456732290941318	0.1973792492245363
CS2C	PHYSICS43	0.09048723897911833	862.0	3030.0	0.05456732290941318	0.19180857124770526
MATH41	PSYC135	0.09018264840182648	876.0	2621.0	0.05545356713299994	0.16591757928720643
PHYSICS24	BIO44X	0.09005235602094241	955.0	1064.0	0.060454516680382354	0.06735456099259353
PSYCH50	CS109	0.08994197292069632	1034.0	2672.0	0.06545546622776477	0.16914604038741532
PHYSICS44	CS107	0.0898876404494382	890.0	3393.0	0.056339811356586694	0.21478761790213333
ENGR40M	ME103D	0.0898576512455516	1124.0	960.0	0.07115275052225106	0.06077103247452048
HUMBIO3A	PSYCH1	0.08984660336011688	1369.0	3600.0	0.0866620244350193	0.2278913717794518
CS109	CS181W	0.08982035928143713	2672.0	930.0	0.16914604038741532	0.058871937709691714
ENGR40	CS181W	0.08982035928143713	835.0	930.0	0.052858137621067294	0.058871937709691714
ENGR40	ME101	0.08982035928143713	835.0	1336.0	0.052858137621067294	0.08457302019370766
ME101	PSYCH1	0.08982035928143713	1336.0	3600.0	0.08457302019370766	0.2278913717794518
ME110	PSYCH1	0.08968177434908389	1037.0	3600.0	0.06564537570424764	0.2278913717794518
CS142	CS108	0.08966074313408724	1238.0	943.0	0.07836931062860036	0.059694878774450844
CHEM33	CS107	0.08948043617703656	3118.0	3393.0	0.1973792492245363	0.21478761790213333
MED160	CHEM36	0.08944099378881988	805.0	969.0	0.05095904285623853	0.06134076090396911
PSYCH30	PSYCH50	0.0894396551724138	928.0	1034.0	0.058745331392036464	0.06545546622776477
CHEM31B	PSYCH1	0.08937007874015748	2540.0	3600.0	0.16079002342216878	0.2278913717794518
CS2C	MATH51	0.08932714617169374	862.0	5086.0	0.05456732290941318	0.3219598657973033
POLISCI1	ECON102A	0.08932461873638345	918.0	1589.0	0.05811229980376021	0.10058871937709692
PHYSICS22	MED160	0.08915906788247213	987.0	805.0	0.062480217762866365	0.05095904285623853
MATH19	CHEM35	0.08912896691424713	1481.0	2092.0	0.09375197822371337	0.13243020826739255
MATH41	STATS60	0.08904109589041095	876.0	3270.0	0.05545356713299994	0.2070013293663354
PHYSICS24	BIO150	0.08900523560209424	955.0	1197.0	0.060454516680382354	0.07577388111666772
PSYCH50	CS107	0.08897485493230174	1034.0	3393.0	0.06545546622776477	0.21478761790213333
ENGR30	CS106B	0.08883553421368548	833.0	5006.0	0.052731531303412044	0.31689561309109326
CS106B	MATH51	0.08869356771873751	5006.0	5086.0	0.31689561309109326	0.3219598657973033
CHEM135	CS106A	0.08868501529051988	981.0	7270.0	0.06210039880990061	0.4602139646768374
BIO41	PHYSICS46	0.08861671469740634	1388.0	813.0	0.08786478445274419	0.05146546812685953
BIO44X	CS106A	0.08834586466165413	1064.0	7270.0	0.06735456099259353	0.4602139646768374
PSYCH1	CS106B	0.08833333333333333	3600.0	5006.0	0.2278913717794518	0.31689561309109326
CS1C	CME100	0.08823529411764706	1700.0	2153.0	0.10761537000696335	0.1362917009558777
CS2C	CS109	0.08816705336426914	862.0	2672.0	0.05456732290941318	0.16914604038741532
CS2C	STATS60	0.08816705336426914	862.0	3270.0	0.05456732290941318	0.2070013293663354
CHEM35	STATS60	0.08795411089866156	2092.0	3270.0	0.13243020826739255	0.2070013293663354
ECON1A	CS103	0.08790523690773068	1604.0	3319.0	0.1015382667595113	0.21010318414888904
PHYSICS41	CHEM35	0.08778625954198473	3406.0	2092.0	0.21561055896689243	0.13243020826739255
ENGR30	PHYSICS45	0.08763505402160865	833.0	1794.0	0.052731531303412044	0.11356586693676014
MS&E472	CS109	0.08757819481680071	2238.0	2672.0	0.14167246945622586	0.16914604038741532
PSYCH1	PSYCH70	0.0875	3600.0	1227.0	0.2278913717794518	0.07767297588149649
STATS60	CS106A	0.0874617737003058	3270.0	7270.0	0.2070013293663354	0.4602139646768374
PHYSICS43	ME80	0.08745874587458746	3030.0	935.0	0.19180857124770526	0.05918845350382984
ENGR40	ENGR30	0.08742514970059881	835.0	833.0	0.052858137621067294	0.052731531303412044
DANCE46	CS106A	0.0873850197109067	1522.0	7270.0	0.09634740773564601	0.4602139646768374
DANCE46	CS106B	0.0873850197109067	1522.0	5006.0	0.09634740773564601	0.31689561309109326
CHEM33	MED160	0.08723540731237973	3118.0	805.0	0.1973792492245363	0.05095904285623853
CS2C	MATH21	0.08700696055684455	862.0	1633.0	0.05456732290941318	0.10337405836551244
PHYSICS42	CHEM131	0.08691910499139414	1162.0	1442.0	0.07355827055770083	0.09128315502943597
MATH51	ECON51	0.086905230043256	5086.0	1273.0	0.3219598657973033	0.08058492118756726
MS&E193	MS&E180	0.08686868686868687	990.0	1010.0	0.06267012723934924	0.06393619041590175
HUMBIO2B	CHEM130	0.0868421052631579	1520.0	1268.0	0.09622080141799076	0.08026840539342914
MATH41	MATH20	0.0867579908675799	876.0	1701.0	0.05545356713299994	0.10767867316579097
ME203	ME110	0.08652900688298919	1017.0	1037.0	0.06437931252769513	0.06564537570424764
CS106A	ECON50	0.08651994497936727	7270.0	1881.0	0.4602139646768374	0.11907324175476357
PHYSICS45	PHYSICS41	0.08639910813823858	1794.0	3406.0	0.11356586693676014	0.21561055896689243
ECON1B	CS106B	0.08622620380739082	893.0	5006.0	0.05652972083306957	0.31689561309109326
MATH53	PHYSICS41	0.0861878453038674	1810.0	3406.0	0.11457871747800215	0.21561055896689243
PSYCH1	PSYCH80	0.08611111111111111	3600.0	871.0	0.2278913717794518	0.055137051338861806
PSYCH80	PSYCH30	0.08610792192881746	871.0	928.0	0.055137051338861806	0.058745331392036464
MATH42	ENGR14	0.08609865470852018	1115.0	1453.0	0.07058302209280243	0.09197948977653984
MATH42	MATH53	0.08609865470852018	1115.0	1810.0	0.07058302209280243	0.11457871747800215
CS221	ENGR40M	0.0856873822975518	1062.0	1124.0	0.06722795467493828	0.07115275052225106
MATH41	ECON50	0.08561643835616438	876.0	1881.0	0.05545356713299994	0.11907324175476357
CHEM31X	ECON1	0.08553157474020784	1251.0	3028.0	0.0791922516933595	0.19168196493005002
CHEM31A	MATH42	0.085348997926745	2894.0	1115.0	0.18319934164714818	0.07058302209280243
ENGR14	CS106B	0.08534067446662079	1453.0	5006.0	0.09197948977653984	0.31689561309109326
<BEGIN>	PSYC135	0.08533265809963918	15797.0	2621.0	1.0	0.16591757928720643
ME101	CS106B	0.08532934131736528	1336.0	5006.0	0.08457302019370766	0.31689561309109326
PHYSICS45	MATH53	0.08528428093645485	1794.0	1810.0	0.11356586693676014	0.11457871747800215
CHEM31B	MATH51	0.08503937007874016	2540.0	5086.0	0.16079002342216878	0.3219598657973033
BIO41	CS103	0.08501440922190202	1388.0	3319.0	0.08786478445274419	0.21010318414888904
CME102	ME80	0.08500345542501728	1447.0	935.0	0.09159967082357409	0.05918845350382984
PSYCH70	PSYCH80	0.08475957620211899	1227.0	871.0	0.07767297588149649	0.055137051338861806
PHYSICS23	CHEM135	0.08471760797342193	1204.0	981.0	0.0762170032284611	0.06210039880990061
CS2C	ECON50	0.08468677494199536	862.0	1881.0	0.05456732290941318	0.11907324175476357
HUMBIO4B	PSYCH1	0.08468052347959969	1299.0	3600.0	0.08223080331708552	0.2278913717794518
ENGR14	ENGR40	0.08465244322092223	1453.0	835.0	0.09197948977653984	0.052858137621067294
HUMBIO2A	CHEM130	0.08462532299741603	1548.0	1268.0	0.09799328986516427	0.08026840539342914
HUMBIO4A	PSYCH1	0.08459214501510574	1324.0	3600.0	0.08381338228777616	0.2278913717794518
<BEGIN>	MATH21	0.08450971703488004	15797.0	1633.0	1.0	0.10337405836551244
ECON1A	PHYSICS41	0.08416458852867831	1604.0	3406.0	0.1015382667595113	0.21561055896689243
POLISCI1	ECON1	0.08387799564270153	918.0	3028.0	0.05811229980376021	0.19168196493005002
PHYSICS46	BIO44X	0.08364083640836409	813.0	1064.0	0.05146546812685953	0.06735456099259353
ENGR40M	ENGR14	0.08362989323843416	1124.0	1453.0	0.07115275052225106	0.09197948977653984
PHYSICS45	CME102	0.08361204013377926	1794.0	1447.0	0.11356586693676014	0.09159967082357409
CS2C	ECON1	0.08352668213457076	862.0	3028.0	0.05456732290941318	0.19168196493005002
CS2C	HUMBIO2A	0.08352668213457076	862.0	1548.0	0.05456732290941318	0.09799328986516427
PHYSICS42	MATH52	0.08347676419965576	1162.0	1317.0	0.07355827055770083	0.08337026017598279
CS161	CS108	0.08341708542713568	1990.0	943.0	0.12597328606697475	0.059694878774450844
MATH41	ECON102A	0.08333333333333333	876.0	1589.0	0.05545356713299994	0.10058871937709692
CHEM131	PHYSICS46	0.08321775312066575	1442.0	813.0	0.09128315502943597	0.05146546812685953
CME100	ECON50	0.08313980492336275	2153.0	1881.0	0.1362917009558777	0.11907324175476357
ECON102A	CS106B	0.08307111390811832	1589.0	5006.0	0.10058871937709692	0.31689561309109326
PHYSICS45	CS103	0.08305462653288741	1794.0	3319.0	0.11356586693676014	0.21010318414888904
BIO42	CHEM35	0.08277591973244147	1196.0	2092.0	0.0757105779578401	0.13243020826739255
BIO42	CS106B	0.08277591973244147	1196.0	5006.0	0.0757105779578401	0.31689561309109326
ENGR40M	ME80	0.08274021352313167	1124.0	935.0	0.07115275052225106	0.05918845350382984
BIO44X	BIO150	0.08270676691729323	1064.0	1197.0	0.06735456099259353	0.07577388111666772
